9.727974297115288271e-01 5.558307740706366212e-02 8.713554497532882692e-02
9.727426799245543210e-01 6.807803001592357961e-02 8.740827551780919191e-02
9.726879260540012284e-01 7.900964860599324346e-02 8.768027677311970858e-02
9.726331680990430995e-01 8.881669491989613308e-02 8.795155401032747622e-02
9.725784060588523738e-01 9.776681399906611558e-02 8.822211243666933100e-02
9.725236399326019354e-01 1.060371210131265396e-01 8.849195719855382225e-02
9.724688697194642240e-01 1.137518171738919337e-01 8.876109338254206671e-02
9.724140954186112351e-01 1.210018690446011125e-01 8.902952601630931273e-02
9.723593170292149646e-01 1.278561979313281582e-01 8.929726006958615958e-02
9.723045345504465198e-01 1.343684607900464678e-01 8.956430045508029236e-02
9.722497479814776744e-01 1.405813724294791289e-01 8.983065202938070315e-02
9.721949573214788698e-01 1.465295760396829738e-01 9.009631959384270528e-02
9.721401625696212134e-01 1.522416157388904734e-01 9.036130789545529507e-02
9.720853637250751467e-01 1.577413316313434066e-01 9.062562162769147167e-02
9.720305607870106668e-01 1.630488710471347247e-01 9.088926543134157043e-02
9.719757537545979931e-01 1.681814373634584747e-01 9.115224389532966542e-02
9.719209426270060126e-01 1.731538549444282538e-01 9.141456155751440105e-02
9.718661274034047226e-01 1.779790024240717194e-01 9.167622290547394748e-02
9.718113080829632322e-01 1.826681499101330819e-01 9.193723237727505215e-02
9.717564846648499843e-01 1.872312248708375149e-01 9.219759436222804694e-02
9.717016571482336440e-01 1.916770242722871664e-01 9.245731320162645095e-02
9.716468255322824321e-01 1.960133856461826474e-01 9.271639318947194619e-02
9.715919898161645696e-01 2.002473263829545047e-01 9.297483857318722400e-02
9.715371499990473891e-01 2.043851581611192403e-01 9.323265355431284429e-02
9.714823060800986676e-01 2.084325817175529116e-01 9.348984228919229866e-02
9.714274580584850716e-01 2.123947659249941777e-01 9.374640888964358432e-02
9.713726059333734897e-01 2.162764142323190253e-01 9.400235742361789937e-02
9.713177497039310326e-01 2.200818208451657543e-01 9.425769191584629225e-02
9.712628893693237009e-01 2.238149185141977693e-01 9.451241634847437623e-02
9.712080249287174949e-01 2.274793194101626392e-01 9.476653466168391549e-02
9.711531563812781931e-01 2.310783502668872225e-01 9.502005075430439152e-02
9.710982837261715739e-01 2.346150827424521301e-01 9.527296848441263455e-02
9.710434069625625275e-01 2.380923597683728410e-01 9.552529166992071441e-02
9.709885260896157222e-01 2.415128185145761774e-01 9.577702408915403365e-02
9.709336411064967143e-01 2.448789104852708842e-01 9.602816948141870701e-02
9.708787520123688397e-01 2.481929191708217020e-01 9.627873154755722807e-02
9.708238588063967667e-01 2.514569756083708252e-01 9.652871395049647529e-02
9.707689614877442752e-01 2.546730721454388835e-01 9.677812031578306162e-02
9.707140600555749232e-01 2.578430746531167883e-01 9.702695423211160630e-02
9.706591545090516027e-01 2.609687333965102773e-01 9.727521925184118290e-02
9.706042448473378714e-01 2.640516927380685552e-01 9.752291889150441206e-02
9.705493310695961773e-01 2.670934998229645974e-01 9.777005663230650678e-02
9.704944131749889680e-01 2.700956123737083825e-01 9.801663592061529706e-02
9.704394911626782472e-01 2.730594057028564725e-01 9.826266016844342754e-02
9.703845650318260185e-01 2.759861790373216439e-01 9.850813275392145130e-02
9.703296347815940637e-01 2.788771612348849294e-01 9.875305702176226386e-02
9.702747004111434981e-01 2.817335159626052077e-01 9.899743628371904247e-02
9.702197619196352152e-01 2.845563463975940288e-01 9.924127381903249945e-02
9.701648193062305525e-01 2.873466995027634807e-01 9.948457287487313949e-02
9.701098725700892933e-01 2.901055699234615370e-01 9.972733666677421893e-02
9.700549217103718869e-01 2.928339035451637540e-01 9.996956837905793258e-02
9.699999667262383385e-01 2.955326007474707306e-01 1.002112711652537735e-01
9.699450076168484314e-01 2.982025193854170309e-01 1.004524481485101206e-01
9.698900443813610606e-01 3.008444775254277559e-01 1.006931024219984427e-01
9.698350770189360093e-01 3.034592559600856609e-01 1.009332370493118414e-01
9.697801055287317284e-01 3.060476005231217433e-01 1.011728550648550717e-01
9.697251299099064470e-01 3.086102242236272164e-01 1.014119594742290409e-01
9.696701501616190599e-01 3.111478092163998399e-01 1.016505532546085611e-01
9.696151662830269080e-01 3.136610086234986050e-01 1.018886393551146352e-01
9.695601782732879981e-01 3.161504482204729460e-01 1.021262206971787767e-01
9.695051861315594488e-01 3.186167279993196155e-01 1.023633001749029714e-01
9.694501898569990450e-01 3.210604236189683047e-01 1.025998806554130338e-01
9.693951894487627952e-01 3.234820877530126260e-01 1.028359649792056907e-01
9.693401849060078179e-01 3.258822513434086465e-01 1.030715559604911125e-01
9.692851762278905658e-01 3.282614247680230579e-01 1.033066563875280064e-01
9.692301634135663813e-01 3.306200989291262493e-01 1.035412690229558508e-01
9.691751464621914947e-01 3.329587462692668032e-01 1.037753966041191356e-01
9.691201253729210263e-01 3.352778217203373767e-01 1.040090418433876895e-01
9.690651001449105406e-01 3.375777635911100805e-01 1.042422074284720945e-01
9.690100707773147137e-01 3.398589943980352412e-01 1.044748960227334655e-01
9.689550372692877778e-01 3.421219216436608423e-01 1.047071102654875407e-01
9.688999996199846310e-01 3.443669385466365807e-01 1.049388527723056352e-01
9.688449578285590613e-01 3.465944247269290845e-01 1.051701261353100436e-01
9.687899118941648569e-01 3.488047468495454329e-01 1.054009329234638082e-01
9.687348618159553615e-01 3.509982592297901660e-01 1.056312756828573507e-01
9.686798075930839191e-01 3.531753044028156374e-01 1.058611569369898864e-01
9.686247492247034296e-01 3.553362136600036192e-01 1.060905791870462300e-01
9.685696867099659046e-01 3.574813075544991392e-01 1.063195449121696334e-01
9.685146200480249101e-01 3.596108963780292878e-01 1.065480565697313475e-01
9.684595492380315696e-01 3.617252806109768071e-01 1.067761165955930514e-01
9.684044742791378946e-01 3.638247513475043049e-01 1.070037274043684483e-01
9.683493951704954528e-01 3.659095906974004220e-01 1.072308913896791172e-01
9.682943119112555896e-01 3.679800721661792284e-01 1.074576109244070599e-01
9.682392245005687625e-01 3.700364610148534350e-01 1.076838883609427533e-01
9.681841329375858729e-01 3.720790146006850430e-01 1.079097260314297035e-01
9.681290372214573781e-01 3.741079827001276281e-01 1.081351262480062803e-01
9.680739373513332913e-01 3.761236078150837492e-01 1.083600913030417778e-01
9.680188333263634037e-01 3.781261254635102653e-01 1.085846234693702839e-01
9.679637251456970626e-01 3.801157644553384563e-01 1.088087250005222717e-01
9.679086128084838370e-01 3.820927471546055054e-01 1.090323981309492818e-01
9.678534963138724079e-01 3.840572897286222420e-01 1.092556450762482978e-01
9.677983756610112342e-01 3.860096023849546309e-01 1.094784680333817373e-01
9.677432508490492191e-01 3.879498895969333838e-01 1.097008691808937786e-01
9.676881218771341553e-01 3.898783503183656518e-01 1.099228506791243287e-01
9.676329887444136135e-01 3.917951781880676387e-01 1.101444146704182725e-01
9.675778514500356087e-01 3.937005617248024447e-01 1.103655632793346664e-01
9.675227099931468233e-01 3.955946845131669831e-01 1.105862986128487990e-01
9.674675643728948282e-01 3.974777253809315125e-01 1.108066227605545295e-01
9.674124145884256398e-01 3.993498585683077362e-01 1.110265377948625731e-01
9.673572606388861628e-01 4.012112538895882818e-01 1.112460457711956230e-01
9.673021025234219694e-01 4.030620768875743942e-01 1.114651487281807241e-01
9.672469402411792982e-01 4.049024889811755346e-01 1.116838486878393155e-01
9.671917737913034996e-01 4.067326476065472596e-01 1.119021476557745254e-01
9.671366031729397017e-01 4.085527063521137148e-01 1.121200476213547181e-01
9.670814283852330329e-01 4.103628150877843273e-01 1.123375505578958211e-01
9.670262494273281773e-01 4.121631200886736734e-01 1.125546584228404035e-01
9.669710662983693750e-01 4.139537641536064072e-01 1.127713731579342016e-01
9.669158789975008661e-01 4.157348867186697605e-01 1.129876966893998413e-01
9.668606875238662246e-01 4.175066239660618628e-01 1.132036309281088948e-01
9.668054918766090244e-01 4.192691089284785733e-01 1.134191777697506898e-01
9.667502920548726175e-01 4.210224715892520453e-01 1.136343390949993981e-01
9.666950880577996896e-01 4.227668389784516312e-01 1.138491167696785711e-01
9.666398798845333706e-01 4.245023352651480786e-01 1.140635126449228431e-01
9.665846675342154581e-01 4.262290818460195418e-01 1.142775285573382205e-01
9.665294510059884159e-01 4.279471974304808746e-01 1.144911663291595938e-01
9.664742302989940415e-01 4.296567981224923560e-01 1.147044277684066416e-01
9.664190054123736884e-01 4.313579974992165500e-01 1.149173146690367353e-01
9.663637763452684881e-01 4.330509066866590207e-01 1.151298288110960133e-01
9.663085430968193501e-01 4.347356344324367350e-01 1.153419719608692051e-01
9.662533056661671838e-01 4.364122871758069344e-01 1.155537458710266807e-01
9.661980640524524544e-01 4.380809691150823748e-01 1.157651522807687239e-01
9.661428182548145172e-01 4.397417822725435133e-01 1.159761929159700000e-01
9.660875682723940594e-01 4.413948265569688223e-01 1.161868694893196663e-01
9.660323141043295481e-01 4.430401998238850392e-01 1.163971837004609544e-01
9.659770557497612264e-01 4.446779979336351052e-01 1.166071372361292269e-01
9.659217932078271174e-01 4.463083148073651585e-01 1.168167317702869801e-01
9.658665264776663539e-01 4.479312424810151794e-01 1.170259689642574041e-01
9.658112555584171810e-01 4.495468711574040488e-01 1.172348504668570546e-01
9.657559804492176214e-01 4.511552892564855699e-01 1.174433779145254986e-01
9.657007011492052539e-01 4.527565834638569986e-01 1.176515529314541841e-01
9.656454176575176573e-01 4.543508387775930246e-01 1.178593771297127835e-01
9.655901299732921883e-01 4.559381385534719278e-01 1.180668521093749812e-01
9.655348380956655374e-01 4.575185645486647412e-01 1.182739794586415150e-01
9.654795420237743953e-01 4.590921969639481515e-01 1.184807607539615781e-01
9.654242417567547863e-01 4.606591144845014196e-01 1.186871975601542506e-01
9.653689372937429569e-01 4.622193943193470544e-01 1.188932914305260991e-01
9.653136286338749317e-01 4.637731122394860850e-01 1.190990439069891937e-01
9.652583157762856247e-01 4.653203426147847765e-01 1.193044565201756557e-01
9.652029987201099503e-01 4.668611584496560885e-01 1.195095307895526482e-01
9.651476774644837109e-01 4.683956314175912738e-01 1.197142682235350919e-01
9.650923520085407104e-01 4.699238318945784809e-01 1.199186703195962711e-01
9.650370223514154189e-01 4.714458289914590927e-01 1.201227385643779122e-01
9.649816884922418625e-01 4.729616905852553344e-01 1.203264744337984860e-01
9.649263504301536232e-01 4.744714833495159989e-01 1.205298793931607604e-01
9.648710081642842828e-01 4.759752727837117114e-01 1.207329548972561062e-01
9.648156616937667573e-01 4.774731232417190330e-01 1.209357023904701345e-01
9.647603110177337404e-01 4.789650979594266000e-01 1.211381233068851149e-01
9.647049561353181479e-01 4.804512590814946082e-01 1.213402190703817274e-01
9.646495970456517854e-01 4.819316676873043881e-01 1.215419910947387883e-01
9.645942337478669026e-01 4.834063838161179461e-01 1.217434407837337251e-01
9.645388662410948610e-01 4.848754664914882162e-01 1.219445695312393885e-01
9.644834945244672442e-01 4.863389737449377859e-01 1.221453787213210018e-01
9.644281185971149695e-01 4.877969626389369595e-01 1.223458697283314189e-01
9.643727384581689543e-01 4.892494892892056968e-01 1.225460439170064364e-01
9.643173541067596721e-01 4.906966088863642939e-01 1.227459026425562760e-01
9.642619655420171521e-01 4.921383757169522366e-01 1.229454472507587048e-01
9.642065727630712013e-01 4.935748431838419825e-01 1.231446790780494072e-01
9.641511757690516271e-01 4.950060638260661006e-01 1.233435994516123291e-01
9.640957745590877925e-01 4.964320893380801958e-01 1.235422096894670252e-01
9.640403691323081725e-01 4.978529705884780499e-01 1.237405111005572544e-01
9.639849594878423522e-01 4.992687576381795167e-01 1.239385049848372999e-01
9.639295456248176963e-01 5.006794997581118789e-01 1.241361926333573173e-01
9.638741275423633459e-01 5.020852454463963221e-01 1.243335753283468514e-01
9.638187052396064436e-01 5.034860424450594563e-01 1.245306543432996571e-01
9.637632787156747982e-01 5.048819377562863142e-01 1.247274309430555506e-01
9.637078479696955524e-01 5.062729776582298724e-01 1.249239063838806230e-01
9.636524130007958489e-01 5.076592077203879727e-01 1.251200819135492859e-01
9.635217956067659850e-01 5.109063056408892356e-01 1.255810784836349503e-01
9.633159552823845617e-01 5.159699470766550000e-01 1.263040715009171588e-01
9.631100566901077409e-01 5.209714866840003955e-01 1.270230505356660655e-01
9.629040997851435746e-01 5.259129492855609822e-01 1.277380755066812312e-01
9.626980845226450478e-01 5.307962541569093418e-01 1.284492048870297387e-01
9.624920108577074140e-01 5.356232225074943898e-01 1.291564957519844015e-01
9.622858787453710816e-01 5.403955842965025846e-01 1.298600038249487498e-01
9.620796881406189494e-01 5.451149844542996226e-01 1.305597835214677427e-01
9.618734389983779609e-01 5.497829885714300424e-01 1.312558879914244025e-01
9.616671312735173283e-01 5.544010881096629317e-01 1.319483691595090546e-01
9.614607649208509743e-01 5.589707051831267481e-01 1.326372777640481837e-01
9.612543398951346463e-01 5.634931969519735295e-01 1.333226633942747597e-01
9.610478561510674700e-01 5.679698596661617582e-01 1.340045745261110310e-01
9.608413136432919499e-01 5.724019323927227454e-01 1.346830585565415572e-01
9.606347123263926369e-01 5.767906004561802469e-01 1.353581618366373196e-01
9.604280521548974603e-01 5.811369986185771497e-01 1.360299297033011889e-01
9.602213330832761740e-01 5.854422140227261151e-01 1.366984065097876233e-01
9.600145550659419103e-01 5.897072889198140544e-01 1.373636356550610449e-01
9.598077180572498479e-01 5.939332232003120549e-01 1.380256596120400248e-01
9.596008220114972120e-01 5.981209767451979298e-01 1.386845199547814822e-01
9.593938668829239402e-01 6.022714716127954837e-01 1.393402573846539705e-01
9.591868526257117944e-01 6.063855940750222384e-01 1.399929117555426816e-01
9.589797791939841387e-01 6.104641965154935512e-01 1.406425220981298296e-01
9.587726465418068278e-01 6.145080992007267984e-01 1.412891266432955428e-01
9.585654546231870965e-01 6.185180919346409123e-01 1.419327628446707679e-01
9.583582033920746701e-01 6.224949356055802241e-01 1.425734674003859836e-01
9.581508928023597660e-01 6.264393636342499017e-01 1.432112762740459511e-01
9.579435228078746478e-01 6.303520833301915482e-01 1.438462247149660533e-01
9.577360933623931816e-01 6.342337771637349686e-01 1.444783472777008693e-01
9.575286044196299473e-01 6.380851039597622565e-01 1.451076778408947610e-01
9.573210559332409053e-01 6.419067000190571415e-01 1.457342496254830089e-01
9.571134478568236181e-01 6.456991801725225910e-01 1.463580952122722767e-01
9.569057801439159183e-01 6.494631387731018002e-01 1.469792465589213060e-01
9.566980527479967966e-01 6.531991506298244765e-01 1.475977350163535096e-01
9.564902656224859578e-01 6.569077718880459438e-01 1.482135913446176179e-01
9.562824187207440430e-01 6.605895408596063056e-01 1.488268457282233836e-01
9.560745119960715188e-01 6.642449788063352623e-01 1.494375277909713029e-01
9.558665454017097884e-01 6.678745906800620524e-01 1.500456666102975012e-01
9.556585188908409689e-01 6.714788658220350870e-01 1.506512907311521043e-01
9.554504324165867812e-01 6.750582786244311295e-01 1.512544281794297452e-01
9.552422859320092163e-01 6.786132891564263803e-01 1.518551064749707191e-01
9.550340793901105352e-01 6.821443437571204083e-01 1.524533526441478604e-01
9.548258127438326026e-01 6.856518755974212453e-01 1.530491932320547088e-01
9.546174859460573314e-01 6.891363052128510747e-01 1.536426543143133983e-01
9.544090989496064603e-01 6.925980410090847306e-01 1.542337615085135893e-01
9.542006517072408878e-01 6.960374797419035531e-01 1.548225399852961315e-01
9.539921441716613382e-01 6.994550069731222397e-01 1.554090144790979677e-01
9.537835762955079177e-01 7.028509975039407554e-01 1.559932092985671093e-01
9.535749480313596704e-01 7.062258157870662245e-01 1.565751483366630281e-01
9.533662593317348000e-01 7.095798163188599128e-01 1.571548550804515998e-01
9.531575101490913360e-01 7.129133440126741439e-01 1.577323526206076409e-01
9.529487004358255797e-01 7.162267345544727215e-01 1.583076636606337295e-01
9.527398301442725481e-01 7.195203147417400524e-01 1.588808105258064096e-01
9.525308992267068620e-01 7.227944028066305426e-01 1.594518151718626597e-01
9.523219076353400814e-01 7.260493087242456678e-01 1.600206991934273459e-01
9.521128553223244806e-01 7.292853345068558424e-01 1.605874838322027542e-01
9.519037422397488291e-01 7.325027744848465749e-01 1.611521899849165662e-01
9.516945683396415001e-01 7.357019155751097772e-01 1.617148382110453475e-01
9.514853335739684725e-01 7.388830375375554649e-01 1.622754487403175738e-01
9.512760378946331086e-01 7.420464132203807850e-01 1.628340414800044655e-01
9.510666812534783743e-01 7.451923087946886737e-01 1.633906360220058196e-01
9.508572636022837310e-01 7.483209839790163631e-01 1.639452516497380274e-01
9.506477848927671337e-01 7.514326922542957643e-01 1.644979073448299134e-01
9.504382450765832546e-01 7.545276810697389980e-01 1.650486217936354416e-01
9.502286441053254817e-01 7.576061920401091498e-01 1.655974133935666226e-01
9.500189819305241423e-01 7.606684611348167868e-01 1.661443002592540297e-01
9.498092585036456148e-01 7.637147188592444680e-01 1.666893002285400327e-01
9.495994737760958815e-01 7.667451904286884945e-01 1.672324308683113825e-01
9.493896276992156436e-01 7.697600959352828287e-01 1.677737094801735052e-01
9.491797202242843179e-01 7.727596505082416911e-01 1.683131531059765262e-01
9.489697513025169284e-01 7.757440644677480179e-01 1.688507785331925803e-01
9.487597208850658825e-01 7.787135434727914252e-01 1.693866023001533161e-01
9.485496289230200828e-01 7.816682886632423388e-01 1.699206407011475961e-01
9.483394753674047051e-01 7.846084967964322976e-01 1.704529097913901059e-01
9.481292601691814204e-01 7.875343603785011082e-01 1.709834253918584013e-01
9.479189832792486170e-01 7.904460677907476640e-01 1.715122030940071929e-01
9.477086446484400684e-01 7.933438034112202386e-01 1.720392582643608392e-01
9.474982442275260430e-01 7.962277477317565300e-01 1.725646060489899603e-01
9.472877819672128608e-01 7.990980774706845091e-01 1.730882613778733647e-01
9.470772578181417822e-01 8.019549656813768079e-01 1.736102389691520642e-01
9.468666717308912295e-01 8.047985818568385019e-01 1.741305533332748179e-01
9.466560236559738994e-01 8.076290920305133625e-01 1.746492187770424531e-01
9.464453135438385400e-01 8.104466588734628996e-01 1.751662494075496845e-01
9.462345413448690623e-01 8.132514417880850610e-01 1.756816591360316759e-01
9.460237070093847622e-01 8.160435969985141424e-01 1.761954616816161778e-01
9.458128104876398767e-01 8.188232776378489008e-01 1.767076705749834054e-01
9.456018517298233617e-01 8.215906338323426539e-01 1.772182991619369874e-01
9.453908306860600019e-01 8.243458127826792659e-01 1.777273606068911771e-01
9.451797473064086352e-01 8.270889588424659156e-01 1.782348678962706878e-01
9.449686015408620410e-01 8.298202135940456747e-01 1.787408338418321752e-01
9.447573933393490497e-01 8.325397159217510223e-01 1.792452710839069485e-01
9.445461226517318787e-01 8.352476020826979930e-01 1.797481920945649125e-01
9.443347894278071308e-01 8.379440057752205462e-01 1.802496091807058998e-01
9.441233936173061281e-01 8.406290582050435223e-01 1.807495344870786169e-01
9.439119351698933569e-01 8.433028881492792284e-01 1.812479799992287588e-01
9.437004140351675785e-01 8.459656220183410236e-01 1.817449575463787881e-01
9.434888301626614959e-01 8.486173839158482890e-01 1.822404788042435442e-01
9.432771835018419759e-01 8.512582956966088243e-01 1.827345552977772403e-01
9.430654740021084947e-01 8.538884770227497256e-01 1.832271984038620904e-01
9.428537016127936932e-01 8.565080454180653557e-01 1.837184193539330157e-01
9.426418662831653750e-01 8.591171163206589023e-01 1.842082292365455065e-01
9.424299679624223991e-01 8.617158031339341440e-01 1.846966389998826452e-01
9.422180065996985654e-01 8.643042172760039277e-01 1.851836594542096148e-01
9.420059821440586179e-01 8.668824682275777516e-01 1.856693012742707816e-01
9.417938945445019083e-01 8.694506635783755266e-01 1.861535750016360957e-01
9.415817437499599540e-01 8.720089090721341307e-01 1.866364910469935634e-01
9.413695297092957714e-01 8.745573086502513860e-01 1.871180596923927852e-01
9.411572523713066518e-01 8.770959644941157540e-01 1.875982910934395897e-01
9.409449116847208305e-01 8.796249770661783707e-01 1.880771952814422887e-01
9.407325075981993745e-01 8.821444451498013928e-01 1.885547821655119971e-01
9.405200400603354050e-01 8.846544658879359480e-01 1.890310615346184608e-01
9.403075090196535424e-01 8.871551348206674348e-01 1.895060430595989776e-01
9.400949144246104616e-01 8.896465459216668092e-01 1.899797362951300417e-01
9.398822562235952249e-01 8.921287916335896018e-01 1.904521506816507226e-01
9.396695343649273946e-01 8.946019629024589692e-01 1.909232955472497939e-01
9.394567487968585873e-01 8.970661492110647561e-01 1.913931801095120622e-01
9.392438994675721409e-01 8.995214386114173122e-01 1.918618134773251716e-01
9.390309863251812272e-01 9.019679177562861527e-01 1.923292046526502708e-01
9.388180093177315166e-01 9.044056719298532165e-01 1.927953625322547104e-01
9.386049683931997345e-01 9.068347850775131391e-01 1.932602959094094908e-01
9.383918634994908858e-01 9.092553398348507399e-01 1.937240134755519594e-01
9.381786945844446945e-01 9.116674175558167059e-01 1.941865238219143419e-01
9.379654615958281649e-01 9.140710983401372225e-01 1.946478354411190492e-01
9.377521644813395785e-01 9.164664610599755346e-01 1.951079567287415939e-01
9.375388031886086049e-01 9.188535833858719748e-01 1.955668959848425592e-01
9.373253776651939706e-01 9.212325418119915454e-01 1.960246614154674272e-01
9.371118878585849021e-01 9.236034116806910443e-01 1.964812611341185122e-01
9.368983337162010150e-01 9.259662672064382649e-01 1.969367031631947818e-01
9.366847151853895381e-01 9.283211814990978139e-01 1.973909954354058360e-01
9.364710322134304210e-01 9.306682265866040860e-01 1.978441457951565230e-01
9.362572847475314486e-01 9.330074734370461531e-01 1.982961619999045744e-01
9.360434727348299067e-01 9.353389919801748942e-01 1.987470517214908750e-01
9.358295961223924708e-01 9.376628511283587875e-01 1.991968225474463061e-01
9.356156548572146514e-01 9.399791187969992468e-01 1.996454819822700011e-01
9.354016488862220147e-01 9.422878619244259291e-01 2.000930374486843966e-01
9.351875781562677403e-01 9.445891464912868907e-01 2.005394962888671917e-01
9.349734426141345089e-01 9.468830375394495791e-01 2.009848657656579385e-01
9.347592422065330586e-01 9.491695991904266494e-01 2.014291530637421501e-01
9.345449768801036283e-01 9.514488946633418154e-01 2.018723652908134270e-01
9.343306465814132933e-01 9.537209862924506121e-01 2.023145094787125453e-01
9.341162512569589627e-01 9.559859355442269502e-01 2.027555925845464513e-01
9.339017908531640488e-01 9.582438030340302282e-01 2.031956214917850501e-01
9.336872653163811320e-01 9.604946485423665470e-01 2.036346030113375116e-01
9.334726745928901837e-01 9.627385310307520205e-01 2.040725438826099802e-01
9.332580186288983448e-01 9.649755086571957241e-01 2.045094507745415791e-01
9.330432973705409250e-01 9.672056387913080533e-01 2.049453302866224846e-01
9.328285107638807361e-01 9.694289780290475944e-01 2.053801889498940159e-01
9.326136587549078705e-01 9.716455822071180526e-01 2.058140332279286278e-01
9.323987412895379245e-01 9.738555064170243414e-01 2.062468695177921973e-01
9.321837583136161065e-01 9.760588050187958276e-01 2.066787041509913769e-01
9.319687097729130176e-01 9.782555316543907198e-01 2.071095433943997421e-01
9.317535956131254293e-01 9.804457392607849320e-01 2.075393934511706728e-01
9.315384157798781706e-01 9.826294800827589659e-01 2.079682604616329700e-01
9.313231702187214633e-01 9.848068056853901409e-01 2.083961505041683759e-01
9.311078588751321439e-01 9.869777669662566089e-01 2.088230695960759387e-01
9.308924816945131075e-01 9.891424141673635928e-01 2.092490236944203330e-01
9.306770386221936420e-01 9.913007968867960651e-01 2.096740186968655273e-01
9.304615296034283167e-01 9.934529640901120784e-01 2.100980604424914633e-01
9.302459545833984267e-01 9.955989641214754160e-01 2.105211547125995786e-01
9.300303135072097716e-01 9.977388447145408845e-01 2.109433072315031188e-01
9.298146063198935440e-01 9.998726530030971338e-01 2.113645236673017402e-01
9.295988329664074401e-01 1.000000000000000000e+00 2.117848096326457874e-01
9.293829933916342156e-01 1.000000000000000000e+00 2.122041706854858045e-01
9.291670875403804652e-01 1.000000000000000000e+00 2.126226123298078363e-01
9.289511153573786206e-01 1.000000000000000000e+00 2.130401400163592363e-01
9.287350767872853963e-01 1.000000000000000000e+00 2.134567591433595979e-01
9.285189717746824556e-01 1.000000000000000000e+00 2.138724750571995847e-01
9.257780004328177714e-01 1.000000000000000000e+00 2.137267074752816076e-01
9.230262626745298071e-01 1.000000000000000000e+00 2.135808291113833191e-01
9.202636429338275637e-01 1.000000000000000000e+00 2.134348397366818140e-01
9.174900236069600812e-01 1.000000000000000000e+00 2.132887391215820827e-01
9.147052850022281412e-01 1.000000000000000000e+00 2.131425270357137358e-01
9.119093052882111250e-01 1.000000000000000000e+00 2.129962032479266743e-01
9.091019604403390852e-01 1.000000000000000000e+00 2.128497675262877031e-01
9.062831241857427500e-01 1.000000000000000000e+00 2.127032196380768125e-01
9.034526679463239507e-01 1.000000000000000000e+00 2.125565593497837358e-01
9.006104607799607642e-01 1.000000000000000000e+00 2.124097864271039526e-01
8.977563693197888606e-01 1.000000000000000000e+00 2.122629006349350256e-01
8.948902577114680179e-01 1.000000000000000000e+00 2.121159017373724920e-01
8.920119875483598637e-01 1.000000000000000000e+00 2.119687894977070886e-01
8.891214178045292460e-01 1.000000000000000000e+00 2.118215636784188116e-01
8.862184047654791952e-01 1.000000000000000000e+00 2.116742240411763620e-01
8.833028019565241085e-01 1.000000000000000000e+00 2.115267703468297622e-01
8.803744600687067878e-01 1.000000000000000000e+00 2.113792023554090793e-01
8.774332268821503078e-01 1.000000000000000000e+00 2.112315198261189297e-01
8.744789471867405739e-01 1.000000000000000000e+00 2.110837225173356480e-01
8.715114627000218883e-01 1.000000000000000000e+00 2.109358101866024571e-01
8.685306119821859516e-01 1.000000000000000000e+00 2.107877825906258606e-01
8.655362303480315100e-01 1.000000000000000000e+00 2.106396394852717013e-01
8.625281497757565363e-01 1.000000000000000000e+00 2.104913806255609976e-01
8.595061988124479413e-01 1.000000000000000000e+00 2.103430057656660579e-01
8.564702024761187138e-01 1.000000000000000000e+00 2.101945146589056512e-01
8.534199821541375020e-01 1.000000000000000000e+00 2.100459070577429532e-01
8.503553554978925400e-01 1.000000000000000000e+00 2.098971827137779966e-01
8.472761363135108414e-01 1.000000000000000000e+00 2.097483413777471717e-01
8.441821344484568002e-01 1.000000000000000000e+00 2.095993827995161207e-01
8.410731556738189063e-01 1.000000000000000000e+00 2.094503067280775732e-01
8.379490015620781884e-01 1.000000000000000000e+00 2.093011129115460167e-01
8.348094693601516569e-01 1.000000000000000000e+00 2.091518010971530894e-01
8.316543518574850413e-01 1.000000000000000000e+00 2.090023710312450267e-01
8.284834372489535692e-01 1.000000000000000000e+00 2.088528224592763882e-01
8.252965089923215425e-01 1.000000000000000000e+00 2.087031551258066719e-01
8.220933456600018063e-01 1.000000000000000000e+00 2.085533687744959841e-01
8.188737207848225674e-01 1.000000000000000000e+00 2.084034631481004318e-01
8.156374026995149018e-01 1.000000000000000000e+00 2.082534379884672937e-01
8.123841543696018741e-01 1.000000000000000000e+00 2.081032930365318001e-01
8.091137332193553133e-01 1.000000000000000000e+00 2.079530280323109159e-01
8.058258909504698586e-01 1.000000000000000000e+00 2.078026427149006206e-01
8.025203733530726913e-01 1.000000000000000000e+00 2.076521368224695796e-01
7.991969201086838170e-01 1.000000000000000000e+00 2.075015100922563138e-01
7.958552645846895812e-01 1.000000000000000000e+00 2.073507622605636480e-01
7.924951336198902130e-01 1.000000000000000000e+00 2.071998930627532709e-01
7.891162473006441136e-01 1.000000000000000000e+00 2.070489022332435702e-01
7.857183187270947444e-01 1.000000000000000000e+00 2.068977895055021943e-01
7.823010537689477628e-01 1.000000000000000000e+00 2.067465546120429987e-01
7.788641508102217559e-01 1.000000000000000000e+00 2.065951972844206619e-01
7.754073004823511805e-01 1.000000000000000000e+00 2.064437172532268550e-01
7.719301853850074613e-01 1.000000000000000000e+00 2.062921142480833581e-01
7.684324797939175999e-01 1.000000000000000000e+00 2.061403879976394515e-01
7.649138493549558770e-01 1.000000000000000000e+00 2.059885382295657541e-01
7.613739507637046211e-01 1.000000000000000000e+00 2.058365646705501706e-01
7.578124314296351693e-01 1.000000000000000000e+00 2.056844670462920632e-01
7.542289291240048543e-01 1.000000000000000000e+00 2.055322450814976443e-01
7.506230716104903555e-01 1.000000000000000000e+00 2.053798984998756461e-01
7.469944762575223551e-01 1.000000000000000000e+00 2.052274270241310483e-01
7.433427496312026150e-01 1.000000000000000000e+00 2.050748303759610258e-01
7.396674870676029911e-01 1.000000000000000000e+00 2.049221082760493418e-01
7.359682722231625229e-01 1.000000000000000000e+00 2.047692604440616293e-01
7.322446766018038122e-01 1.000000000000000000e+00 2.046162865986395629e-01
7.284962590572739982e-01 1.000000000000000000e+00 2.044631864573969726e-01
7.247225652691218212e-01 1.000000000000000000e+00 2.043099597369126830e-01
7.209231271905833793e-01 1.000000000000000000e+00 2.041566061527270159e-01
7.170974624665200636e-01 1.000000000000000000e+00 2.040031254193354071e-01
7.132450738194108242e-01 1.000000000000000000e+00 2.038495172501840758e-01
7.093654484012262840e-01 1.000000000000000000e+00 2.036957813576631970e-01
7.054580571088663321e-01 1.000000000000000000e+00 2.035419174531031827e-01
7.015223538606103482e-01 1.000000000000000000e+00 2.033879252467676868e-01
6.975577748308618986e-01 1.000000000000000000e+00 2.032338044478497197e-01
6.935637376402103982e-01 1.000000000000000000e+00 2.030795547644643761e-01
6.895396404975953075e-01 1.000000000000000000e+00 2.029251759036449498e-01
6.854848612910733330e-01 1.000000000000000000e+00 2.027706675713367157e-01
6.813987566233909998e-01 1.000000000000000000e+00 2.026160294723904909e-01
6.772806607882293495e-01 1.000000000000000000e+00 2.024612613105581937e-01
6.731298846826012650e-01 1.000000000000000000e+00 2.023063627884868487e-01
6.689457146505005669e-01 1.000000000000000000e+00 2.021513336077124245e-01
6.647274112524195200e-01 1.000000000000000000e+00 2.019961734686543386e-01
6.604742079548781009e-01 1.000000000000000000e+00 2.018408820706098505e-01
6.561853097335281770e-01 1.000000000000000000e+00 2.016854591117477891e-01
6.518598915827856777e-01 1.000000000000000000e+00 2.015299042891032233e-01
6.474970969242768160e-01 1.000000000000000000e+00 2.013742172985708567e-01
6.430960359055810649e-01 1.000000000000000000e+00 2.012183978348999758e-01
6.386557835799310245e-01 1.000000000000000000e+00 2.010624455916875108e-01
6.341753779565622029e-01 1.000000000000000000e+00 2.009063602613725408e-01
6.296538179103389199e-01 1.000000000000000000e+00 2.007501415352299090e-01
6.250900609380869444e-01 1.000000000000000000e+00 2.005937891033645615e-01
6.204830207477020076e-01 1.000000000000000000e+00 2.004373026547051073e-01
6.158315646646249641e-01 1.000000000000000000e+00 2.002806818769972685e-01
6.111345108385231040e-01 1.000000000000000000e+00 2.001239264567981624e-01
6.063906252311164202e-01 1.000000000000000000e+00 1.999670360794700841e-01
6.015986183639007168e-01 1.000000000000000000e+00 1.998100104291734569e-01
5.967571418020278795e-01 1.000000000000000000e+00 1.996528491888611700e-01
5.918647843478090920e-01 1.000000000000000000e+00 1.994955520402723059e-01
5.869200679140883503e-01 1.000000000000000000e+00 1.993381186639244795e-01
5.819214430440650121e-01 1.000000000000000000e+00 1.991805487391086760e-01
5.768672840399782231e-01 1.000000000000000000e+00 1.990228419438822560e-01
5.717558836582309345e-01 1.000000000000000000e+00 1.988649979550619618e-01
5.665854473230188537e-01 1.000000000000000000e+00 1.987070164482176438e-01
5.613540868041456688e-01 1.000000000000000000e+00 1.985488970976656553e-01
5.560598132973426644e-01 1.000000000000000000e+00 1.983906395764621355e-01
5.507005298368370383e-01 1.000000000000000000e+00 1.982322435563957375e-01
5.452740229599917221e-01 1.000000000000000000e+00 1.980737087079814662e-01
5.397779535322233535e-01 1.000000000000000000e+00 1.979150347004533517e-01
5.342098466268133672e-01 1.000000000000000000e+00 1.977562212017580090e-01
5.285670803382958027e-01 1.000000000000000000e+00 1.975972678785467007e-01
5.228468733892973619e-01 1.000000000000000000e+00 1.974381743961696745e-01
5.170462713684534917e-01 1.000000000000000000e+00 1.972789404186679474e-01
5.111621314106670200e-01 1.000000000000000000e+00 1.971195656087668113e-01
5.051911050994635222e-01 1.000000000000000000e+00 1.969600496278685609e-01
4.991296193335469922e-01 1.000000000000000000e+00 1.968003921360454433e-01
4.929738548543841081e-01 1.000000000000000000e+00 1.966405927920313323e-01
4.867197220769003407e-01 1.000000000000000000e+00 1.964806512532166760e-01
4.803628337990219488e-01 1.000000000000000000e+00 1.963205671756383941e-01
4.738984742847658915e-01 1.000000000000000000e+00 1.961603402139746044e-01
4.673215641162556389e-01 1.000000000000000000e+00 1.959999700215362406e-01
4.606266200875012706e-01 1.000000000000000000e+00 1.958394562502591696e-01
4.538077092607281648e-01 1.000000000000000000e+00 1.956787985506978633e-01
4.468583961161597951e-01 1.000000000000000000e+00 1.955179965720162394e-01
4.397716814874211289e-01 1.000000000000000000e+00 1.953570499619813328e-01
4.325399316724438115e-01 1.000000000000000000e+00 1.951959583669549136e-01
4.251547957240021103e-01 1.000000000000000000e+00 1.950347214318855493e-01
4.176071084278069057e-01 1.000000000000000000e+00 1.948733388003012768e-01
4.098867758321380061e-01 1.000000000000000000e+00 1.947118101143009428e-01
4.019826393495489758e-01 1.000000000000000000e+00 1.945501350145472375e-01
3.938823133351861405e-01 1.000000000000000000e+00 1.943883131402581455e-01
3.855719895537036424e-01 1.000000000000000000e+00 1.942263441291977866e-01
3.770361999269273290e-01 1.000000000000000000e+00 1.940642276176711700e-01
3.682575261862771621e-01 1.000000000000000000e+00 1.939019632405129534e-01
3.592162412073711120e-01 1.000000000000000000e+00 1.937395506310810034e-01
3.498898613777616240e-01 1.000000000000000000e+00 1.935769894212475695e-01
3.402525815656411434e-01 1.000000000000000000e+00 1.934142792413904854e-01
3.302745528880623449e-01 1.000000000000000000e+00 1.932514197203859529e-01
3.199209465299092670e-01 1.000000000000000000e+00 1.930884104855984107e-01
3.091507210252574245e-01 1.000000000000000000e+00 1.929252511628734290e-01
2.979149700042515447e-01 1.000000000000000000e+00 1.927619413765286338e-01
2.861546623787316612e-01 1.000000000000000000e+00 1.925984807493444084e-01
2.737974788087797484e-01 1.000000000000000000e+00 1.924348689025559833e-01
2.607532615912467322e-01 1.000000000000000000e+00 1.922711054558445543e-01
2.469072582807417260e-01 1.000000000000000000e+00 1.921071900273277622e-01
2.321096992969845507e-01 1.000000000000000000e+00 1.919431222335517273e-01
2.161589551689612754e-01 1.000000000000000000e+00 1.917789016894814180e-01
1.987726917579612507e-01 1.000000000000000000e+00 1.916145280084913805e-01
1.795346384831289777e-01 1.000000000000000000e+00 1.914500008023571620e-01
1.577859905123721040e-01 1.000000000000000000e+00 1.912853196812460965e-01
1.323698097046513977e-01 1.000000000000000000e+00 1.911204842537078397e-01
1.008775948411188561e-01 1.000000000000000000e+00 1.909554941266648764e-01
5.621625401577810127e-02 1.000000000000000000e+00 1.907903489054033896e-01
0.000000000000000000e+00 1.000000000000000000e+00 1.906250481935639618e-01
0.000000000000000000e+00 1.000000000000000000e+00 1.904595915931315553e-01
0.000000000000000000e+00 1.000000000000000000e+00 1.902939787044259090e-01
0.000000000000000000e+00 1.000000000000000000e+00 1.901282091260931284e-01
0.000000000000000000e+00 1.000000000000000000e+00 1.899622824550939171e-01
0.000000000000000000e+00 1.000000000000000000e+00 1.897961982866951114e-01
0.000000000000000000e+00 1.000000000000000000e+00 1.896299562144594664e-01
0.000000000000000000e+00 1.000000000000000000e+00 1.894635558302354694e-01
0.000000000000000000e+00 1.000000000000000000e+00 1.892969967241479867e-01
0.000000000000000000e+00 1.000000000000000000e+00 1.891302784845869389e-01
0.000000000000000000e+00 1.000000000000000000e+00 1.889634006981982250e-01
0.000000000000000000e+00 1.000000000000000000e+00 1.887963629498733142e-01
0.000000000000000000e+00 1.000000000000000000e+00 1.886291648227379214e-01
0.000000000000000000e+00 1.000000000000000000e+00 1.884618058981430144e-01
0.000000000000000000e+00 1.000000000000000000e+00 1.882942857556532401e-01
0.000000000000000000e+00 1.000000000000000000e+00 1.881266039730360440e-01
0.000000000000000000e+00 1.000000000000000000e+00 1.879587601262528995e-01
0.000000000000000000e+00 1.000000000000000000e+00 2.008267548955869342e-01
0.000000000000000000e+00 1.000000000000000000e+00 2.242938893943855483e-01
0.000000000000000000e+00 1.000000000000000000e+00 2.452815158112338079e-01
0.000000000000000000e+00 1.000000000000000000e+00 2.643933519096252627e-01
0.000000000000000000e+00 9.984472281141364425e-01 2.820248142004980751e-01
0.000000000000000000e+00 9.957150606762036338e-01 2.984511052034754530e-01
0.000000000000000000e+00 9.929729106397057192e-01 3.138726290311710798e-01
0.000000000000000000e+00 9.902206783801138501e-01 3.284405333786780123e-01
0.000000000000000000e+00 9.874582626404316832e-01 3.422720570867535672e-01
0.000000000000000000e+00 9.846855604938499207e-01 3.554602462091090431e-01
0.000000000000000000e+00 9.819024673053066143e-01 3.680803707035283368e-01
0.000000000000000000e+00 9.791088766919068265e-01 3.801943131566328238e-01
0.000000000000000000e+00 9.763046804821592373e-01 3.918536603011135711e-01
0.000000000000000000e+00 9.734897686739919509e-01 4.031019362984076260e-01
0.000000000000000000e+00 9.706640293914990947e-01 4.139762515527167230e-01
0.000000000000000000e+00 9.678273488403689173e-01 4.245085433852276990e-01
0.000000000000000000e+00 9.649796112619511979e-01 4.347265253700175469e-01
0.000000000000000000e+00 9.621206988859022369e-01 4.446544246313179904e-01
0.000000000000000000e+00 9.592504918813670178e-01 4.543135621281161884e-01
0.000000000000000000e+00 9.563688683066297047e-01 4.637228148588950494e-01
0.000000000000000000e+00 9.534757040571825160e-01 4.728989880182066785e-01
0.000000000000000000e+00 9.505708728121503581e-01 4.818571176088322638e-01
0.000000000000000000e+00 9.476542459790023853e-01 4.906107187232160993e-01
0.000000000000000000e+00 9.447256926364893115e-01 4.991719909308851011e-01
0.000000000000000000e+00 9.417850794757363087e-01 5.075519894726724379e-01
0.000000000000000000e+00 9.388322707394117783e-01 5.157607689541934270e-01
0.000000000000000000e+00 9.358671281589047153e-01 5.238075047386465677e-01
0.000000000000000000e+00 9.328895108894205146e-01 5.317005961174842144e-01
0.000000000000000000e+00 9.298992754429186158e-01 5.394477544857452234e-01
0.000000000000000000e+00 9.268962756188015017e-01 5.470560790957660346e-01
0.000000000000000000e+00 9.238803624322583508e-01 5.545321224575918695e-01
0.000000000000000000e+00 9.208513840401743034e-01 5.618819470600594501e-01
0.000000000000000000e+00 9.178091856644942093e-01 5.691111747763487605e-01
0.000000000000000000e+00 9.147536095129413791e-01 5.762250300720029861e-01
0.000000000000000000e+00 9.116844946969756558e-01 5.832283779373261812e-01
0.000000000000000000e+00 9.086016771468725661e-01 5.901257573085368913e-01
0.000000000000000000e+00 9.055049895238025393e-01 5.969214106147684440e-01
0.000000000000000000e+00 9.023942611287745219e-01 6.036193099845410526e-01
0.000000000000000000e+00 8.992693178083120964e-01 6.102231805607202242e-01
0.000000000000000000e+00 8.961299818567175501e-01 6.167365213035100879e-01
0.000000000000000000e+00 8.929760719147665782e-01 6.231626236036114097e-01
0.000000000000000000e+00 8.898074028646849598e-01 6.295045879800627020e-01
0.000000000000000000e+00 8.866237857212229123e-01 6.357653390976073515e-01
0.000000000000000000e+00 8.834250275186683599e-01 6.419476393051748442e-01
0.000000000000000000e+00 8.802109311935965019e-01 6.480541008691838023e-01
0.000000000000000000e+00 8.769812954631697188e-01 6.540871970517880829e-01
0.000000000000000000e+00 8.737359146987720981e-01 6.600492721642431393e-01
0.000000000000000000e+00 8.704745787947655300e-01 6.659425507086219609e-01
0.000000000000000000e+00 8.671970730321298948e-01 6.717691457066272687e-01
0.000000000000000000e+00 8.639031779367483121e-01 6.775310663018919710e-01
0.000000000000000000e+00 8.605926691320754385e-01 6.832302247115249472e-01
0.000000000000000000e+00 8.572653171859138110e-01 6.888684425935226452e-01
0.000000000000000000e+00 8.539208874510130221e-01 6.944474568887607502e-01
0.000000000000000000e+00 8.505591398991833030e-01 6.999689251894529729e-01
0.000000000000000000e+00 8.471798289485978906e-01 7.054344306800240938e-01
0.000000000000000000e+00 8.437827032839447794e-01 7.108454866911714243e-01
0.000000000000000000e+00 8.403675056690562695e-01 7.162035409033956634e-01
0.000000000000000000e+00 8.369339727516386107e-01 7.215099792323176331e-01
0.000000000000000000e+00 8.334818348596862991e-01 7.267661294246537951e-01
0.000000000000000000e+00 8.300108157891452620e-01 7.319732643906816660e-01
0.000000000000000000e+00 8.265206325823691857e-01 7.371326052963455000e-01
0.000000000000000000e+00 8.230109952968662768e-01 7.422453244357982705e-01
0.000000000000000000e+00 8.194816067638249768e-01 7.473125479030784390e-01
0.000000000000000000e+00 8.159321623358567477e-01 7.523353580797786933e-01
0.000000000000000000e+00 8.123623496233634000e-01 7.573147959539161533e-01
0.000000000000000000e+00 8.087718482189013569e-01 7.622518632837488317e-01
0.000000000000000000e+00 8.051603294088641727e-01 7.671475246189993769e-01
0.000000000000000000e+00 8.015274558717738751e-01 7.720027091907536443e-01
0.000000000000000000e+00 7.978728813624090810e-01 7.768183126802982175e-01
0.000000000000000000e+00 7.941962503809530949e-01 7.815951988762058766e-01
0.000000000000000000e+00 7.904971978262897991e-01 7.863342012281527849e-01
0.000000000000000000e+00 7.867753486325080869e-01 7.910361243052087543e-01
0.000000000000000000e+00 7.830303173876186351e-01 7.957017451656522855e-01
0.000000000000000000e+00 7.792617079334070995e-01 8.003318146447678805e-01
0.000000000000000000e+00 7.754691129452756515e-01 8.049270585665321276e-01
0.000000000000000000e+00 7.716521134908436164e-01 8.094881788845940118e-01
0.000000000000000000e+00 7.678102785659758345e-01 8.140158547575196968e-01
0.000000000000000000e+00 7.639431646068273185e-01 8.185107435628503625e-01
0.000000000000000000e+00 7.600503149763692123e-01 8.229734818541680763e-01
0.000000000000000000e+00 7.561312594237549201e-01 8.274046862650223932e-01
0.000000000000000000e+00 7.521855135147557103e-01 8.318049543632662912e-01
0.000000000000000000e+00 7.482125780313529928e-01 8.361748654590859253e-01
0.000000000000000000e+00 7.442119383384372400e-01 8.405149813697316841e-01
0.000000000000000000e+00 7.401830637153833381e-01 8.448258471437578576e-01
0.000000000000000000e+00 7.361254066501038418e-01 8.491079917473436378e-01
0.000000000000000000e+00 7.320384020929843194e-01 8.533619287150897570e-01
0.000000000000000000e+00 7.279214666678820445e-01 8.575881567675104344e-01
0.000000000000000000e+00 7.237739978371473537e-01 8.617871603972639960e-01
0.000000000000000000e+00 7.195953730173574314e-01 8.659594104260373015e-01
0.000000000000000000e+00 7.153849486421722803e-01 8.701053645338528986e-01
0.000000000000000000e+00 7.111420591684117776e-01 8.742254677624373693e-01
0.000000000000000000e+00 7.068660160211025500e-01 8.783201529941985219e-01
0.000000000000000000e+00 7.025561064728744753e-01 8.823898414082180786e-01
0.000000000000000000e+00 6.982115924526560713e-01 8.864349429146018977e-01
0.000000000000000000e+00 6.938317092781596251e-01 8.904558565684231874e-01
0.000000000000000000e+00 6.894156643061353229e-01 8.944529709644098991e-01
0.000000000000000000e+00 6.849626354937974337e-01 8.984266646134663192e-01
0.000000000000000000e+00 6.804717698642037682e-01 9.023773063020281704e-01
0.000000000000000000e+00 6.759421818676553118e-01 9.063052554351987977e-01
0.000000000000000000e+00 6.713729516304066669e-01 9.102108623645507324e-01
0.000000000000000000e+00 6.667631230811063014e-01 9.140944687014159742e-01
0.000000000000000000e+00 6.621117019443962803e-01 9.179564076164461461e-01
0.000000000000000000e+00 6.574176535900295715e-01 9.217970041261596137e-01
0.000000000000000000e+00 6.526799007246195661e-01 9.256165753671671270e-01
0.000000000000000000e+00 6.478973209117691034e-01 9.294154308587085911e-01
0.000000000000000000e+00 6.430687439047841902e-01 9.331938727541035927e-01
0.000000000000000000e+00 6.381929487744159024e-01 9.369521960816865613e-01
0.000000000000000000e+00 6.332686608121294025e-01 9.406906889757490342e-01
0.000000000000000000e+00 6.282945481871466953e-01 9.444096328979932897e-01
0.000000000000000000e+00 6.232692183329987534e-01 9.481093028499681941e-01
0.000000000000000000e+00 6.181912140364385078e-01 9.517899675769333490e-01
0.000000000000000000e+00 6.130590091983092460e-01 9.554518897635612129e-01
0.000000000000000000e+00 6.078710042322180707e-01 9.590953262218814279e-01
0.000000000000000000e+00 6.026255210626006997e-01 9.627205280718310609e-01
0.000000000000000000e+00 5.973207976788671436e-01 9.663277409147649211e-01
0.000000000000000000e+00 5.919549821966759717e-01 9.699172050002625722e-01
0.000000000000000000e+00 5.865261263709132811e-01 9.734891553865335778e-01
0.000000000000000000e+00 5.810321784974310511e-01 9.770438220947300634e-01
0.000000000000000000e+00 5.754709756319076330e-01 9.805814302574366037e-01
0.000000000000000000e+00 5.698402350440890940e-01 9.841022002616067743e-01
0.000000000000000000e+00 5.641375448138590265e-01 9.876063478862019407e-01
0.000000000000000000e+00 5.583603534618122310e-01 9.910940844347594370e-01
0.000000000000000000e+00 5.525059584907927590e-01 9.945656168631237248e-01
0.000000000000000000e+00 5.465714936957934977e-01 9.980211479025523635e-01
0.000000000000000000e+00 5.405539150770691803e-01 1.000000000000000000e+00
0.000000000000000000e+00 5.344499851645400090e-01 1.000000000000000000e+00
0.000000000000000000e+00 5.282562555297144469e-01 1.000000000000000000e+00
0.000000000000000000e+00 5.219690472231999223e-01 1.000000000000000000e+00
0.000000000000000000e+00 5.155844288300660549e-01 1.000000000000000000e+00
0.000000000000000000e+00 5.090981917800212475e-01 1.000000000000000000e+00
0.000000000000000000e+00 5.025058224822736008e-01 1.000000000000000000e+00
0.000000000000000000e+00 4.958024707732105463e-01 1.000000000000000000e+00
0.000000000000000000e+00 4.889829140648031536e-01 1.000000000000000000e+00
0.000000000000000000e+00 4.820415164581664524e-01 1.000000000000000000e+00
0.000000000000000000e+00 4.749721819336065187e-01 1.000000000000000000e+00
0.000000000000000000e+00 4.677683005374600467e-01 1.000000000000000000e+00
0.000000000000000000e+00 4.604226862461562875e-01 1.000000000000000000e+00
0.000000000000000000e+00 4.529275048844375040e-01 1.000000000000000000e+00
0.000000000000000000e+00 4.452741900879269576e-01 1.000000000000000000e+00
0.000000000000000000e+00 4.374533448032844052e-01 1.000000000000000000e+00
0.000000000000000000e+00 4.294546251751421573e-01 1.000000000000000000e+00
0.000000000000000000e+00 4.212666028266410789e-01 1.000000000000000000e+00
0.000000000000000000e+00 4.128766004274713186e-01 1.000000000000000000e+00
0.000000000000000000e+00 4.042704939573083522e-01 1.000000000000000000e+00
0.000000000000000000e+00 3.954324730651543884e-01 1.000000000000000000e+00
0.000000000000000000e+00 3.863447481792302018e-01 1.000000000000000000e+00
0.000000000000000000e+00 3.769871892144882608e-01 1.000000000000000000e+00
0.000000000000000000e+00 3.673368753656218177e-01 1.000000000000000000e+00
0.000000000000000000e+00 3.573675278061853589e-01 1.000000000000000000e+00
0.000000000000000000e+00 3.470487859456358737e-01 1.000000000000000000e+00
0.000000000000000000e+00 3.363452712988790338e-01 1.000000000000000000e+00
0.000000000000000000e+00 3.252153578047920490e-01 1.000000000000000000e+00
0.000000000000000000e+00 3.136095281465588469e-01 1.000000000000000000e+00
0.000000000000000000e+00 3.014681326860784716e-01 1.000000000000000000e+00
0.000000000000000000e+00 2.887182634958756489e-01 1.000000000000000000e+00
0.000000000000000000e+00 2.752692772310745273e-01 1.000000000000000000e+00
0.000000000000000000e+00 2.610061803205723785e-01 1.000000000000000000e+00
0.000000000000000000e+00 2.457794863314728406e-01 1.000000000000000000e+00
0.000000000000000000e+00 2.293889464756307950e-01 1.000000000000000000e+00
0.000000000000000000e+00 2.115559463804143614e-01 1.000000000000000000e+00
0.000000000000000000e+00 1.918731850840653674e-01 1.000000000000000000e+00
0.000000000000000000e+00 1.697037217188532565e-01 1.000000000000000000e+00
0.000000000000000000e+00 1.439491528013082111e-01 1.000000000000000000e+00
0.000000000000000000e+00 1.123936726733829328e-01 1.000000000000000000e+00
0.000000000000000000e+00 6.897228258920873323e-02 1.000000000000000000e+00
0.000000000000000000e+00 0.000000000000000000e+00 1.000000000000000000e+00
0.000000000000000000e+00 0.000000000000000000e+00 1.000000000000000000e+00
0.000000000000000000e+00 0.000000000000000000e+00 1.000000000000000000e+00
0.000000000000000000e+00 0.000000000000000000e+00 1.000000000000000000e+00
0.000000000000000000e+00 0.000000000000000000e+00 1.000000000000000000e+00
0.000000000000000000e+00 0.000000000000000000e+00 1.000000000000000000e+00
0.000000000000000000e+00 0.000000000000000000e+00 1.000000000000000000e+00
0.000000000000000000e+00 0.000000000000000000e+00 1.000000000000000000e+00
0.000000000000000000e+00 0.000000000000000000e+00 1.000000000000000000e+00
0.000000000000000000e+00 0.000000000000000000e+00 1.000000000000000000e+00
0.000000000000000000e+00 0.000000000000000000e+00 1.000000000000000000e+00
0.000000000000000000e+00 0.000000000000000000e+00 1.000000000000000000e+00
0.000000000000000000e+00 0.000000000000000000e+00 1.000000000000000000e+00
0.000000000000000000e+00 0.000000000000000000e+00 1.000000000000000000e+00
0.000000000000000000e+00 0.000000000000000000e+00 1.000000000000000000e+00
0.000000000000000000e+00 0.000000000000000000e+00 1.000000000000000000e+00
0.000000000000000000e+00 0.000000000000000000e+00 1.000000000000000000e+00
0.000000000000000000e+00 0.000000000000000000e+00 1.000000000000000000e+00
0.000000000000000000e+00 0.000000000000000000e+00 1.000000000000000000e+00
0.000000000000000000e+00 0.000000000000000000e+00 1.000000000000000000e+00
0.000000000000000000e+00 0.000000000000000000e+00 1.000000000000000000e+00
0.000000000000000000e+00 0.000000000000000000e+00 1.000000000000000000e+00
0.000000000000000000e+00 0.000000000000000000e+00 1.000000000000000000e+00
0.000000000000000000e+00 0.000000000000000000e+00 1.000000000000000000e+00
0.000000000000000000e+00 0.000000000000000000e+00 1.000000000000000000e+00
0.000000000000000000e+00 0.000000000000000000e+00 1.000000000000000000e+00
0.000000000000000000e+00 0.000000000000000000e+00 1.000000000000000000e+00
0.000000000000000000e+00 0.000000000000000000e+00 1.000000000000000000e+00
0.000000000000000000e+00 0.000000000000000000e+00 1.000000000000000000e+00
0.000000000000000000e+00 0.000000000000000000e+00 1.000000000000000000e+00
0.000000000000000000e+00 0.000000000000000000e+00 1.000000000000000000e+00
0.000000000000000000e+00 0.000000000000000000e+00 1.000000000000000000e+00
0.000000000000000000e+00 0.000000000000000000e+00 1.000000000000000000e+00
0.000000000000000000e+00 0.000000000000000000e+00 1.000000000000000000e+00
0.000000000000000000e+00 0.000000000000000000e+00 1.000000000000000000e+00
0.000000000000000000e+00 0.000000000000000000e+00 1.000000000000000000e+00
0.000000000000000000e+00 0.000000000000000000e+00 1.000000000000000000e+00
0.000000000000000000e+00 0.000000000000000000e+00 1.000000000000000000e+00
2.987887327683392841e-03 0.000000000000000000e+00 1.000000000000000000e+00
9.168871024717075921e-03 0.000000000000000000e+00 1.000000000000000000e+00
1.534985472175075770e-02 0.000000000000000000e+00 1.000000000000000000e+00
2.153083841878444121e-02 0.000000000000000000e+00 1.000000000000000000e+00
2.771182211581884117e-02 0.000000000000000000e+00 1.000000000000000000e+00
3.389280581285539218e-02 0.000000000000000000e+00 1.000000000000000000e+00
4.007378950988728372e-02 0.000000000000000000e+00 1.000000000000000000e+00
4.593496665843686128e-02 0.000000000000000000e+00 1.000000000000000000e+00
5.135009638723219555e-02 0.000000000000000000e+00 1.000000000000000000e+00
5.640433904183150132e-02 0.000000000000000000e+00 1.000000000000000000e+00
6.115635525395272248e-02 0.000000000000000000e+00 1.000000000000000000e+00
6.565068250640770930e-02 0.000000000000000000e+00 1.000000000000000000e+00
6.992205325329550747e-02 0.000000000000000000e+00 1.000000000000000000e+00
7.399815597766437603e-02 0.000000000000000000e+00 1.000000000000000000e+00
7.790147365252952927e-02 0.000000000000000000e+00 1.000000000000000000e+00
8.165054981904554254e-02 0.000000000000000000e+00 1.000000000000000000e+00
8.526088565525094531e-02 0.000000000000000000e+00 1.000000000000000000e+00
8.874559127023703975e-02 0.000000000000000000e+00 9.984675781733852729e-01
9.211586865355550491e-02 0.000000000000000000e+00 9.957271745852013245e-01
9.538137647394143159e-02 0.000000000000000000e+00 9.929767281277340762e-01
9.855051016461455204e-02 0.000000000000000000e+00 9.902161382709741000e-01
1.016306201099527740e-01 0.000000000000000000e+00 9.874453028325754778e-01
1.046281838351388327e-01 0.000000000000000000e+00 9.846641179399447941e-01
1.075489434944326972e-01 0.000000000000000000e+00 9.818724779912083589e-01
1.103980168201687817e-01 0.000000000000000000e+00 9.790702756150199138e-01
1.131799875219897389e-01 0.000000000000000000e+00 9.762574016291657442e-01
1.158989795936476441e-01 0.000000000000000000e+00 9.734337449979212353e-01
1.185587188871805864e-01 0.000000000000000000e+00 9.705991927881166825e-01
1.211625845168343707e-01 0.000000000000000000e+00 9.677536301238619521e-01
1.237136520682056706e-01 0.000000000000000000e+00 9.648969401398782564e-01
1.262147301507131336e-01 0.000000000000000000e+00 9.620290039333886378e-01
1.286683915022218960e-01 0.000000000000000000e+00 9.591497005145085408e-01
1.310769996038533280e-01 0.000000000000000000e+00 9.562589067550814059e-01
1.334427315704720951e-01 0.000000000000000000e+00 9.533564973358991113e-01
1.357675979329604765e-01 0.000000000000000000e+00 9.504423446922448671e-01
1.380534598116755496e-01 0.000000000000000000e+00 9.475163189576910616e-01
1.403020438885111132e-01 0.000000000000000000e+00 9.445782879060871107e-01
1.425149555119904765e-01 0.000000000000000000e+00 9.416281168916630362e-01
1.446936902115146528e-01 0.000000000000000000e+00 9.386656687871743898e-01
1.468396438499417755e-01 0.000000000000000000e+00 9.356908039200118044e-01
1.489541216057694850e-01 0.000000000000000000e+00 9.327033800061872437e-01
1.510383459452337152e-01 0.000000000000000000e+00 9.297032520821192358e-01
1.530934637194066583e-01 0.000000000000000000e+00 9.266902724341189446e-01
1.551205525005568686e-01 0.000000000000000000e+00 9.236642905254858205e-01
1.571206262548307808e-01 0.000000000000000000e+00 9.206251529211151308e-01
1.590946404340667641e-01 0.000000000000000000e+00 9.175727032095061242e-01
1.610434965576029998e-01 0.000000000000000000e+00 9.145067819220702443e-01
1.629680463449896533e-01 0.000000000000000000e+00 9.114272264496172671e-01
1.648690954521080942e-01 0.000000000000000000e+00 9.083338709559009017e-01
1.667474068561030920e-01 0.000000000000000000e+00 9.052265462880993985e-01
1.686037039285474270e-01 0.000000000000000000e+00 9.021050798840904994e-01
1.704386732311226060e-01 0.000000000000000000e+00 8.989692956763885023e-01
1.722529670637495958e-01 0.000000000000000000e+00 8.958190139925897855e-01
1.740472057913706183e-01 0.000000000000000000e+00 8.926540514521725811e-01
1.758219799723662879e-01 0.000000000000000000e+00 8.894742208594905719e-01
1.775778523088397121e-01 0.000000000000000000e+00 8.862793310927790102e-01
1.793153594365926307e-01 0.000000000000000000e+00 8.830691869890029411e-01
1.810350135705782459e-01 0.000000000000000000e+00 8.798435892243448020e-01
1.827373040197848575e-01 0.000000000000000000e+00 8.766023341901368893e-01
1.844226985839691468e-01 0.000000000000000000e+00 8.733452138640221962e-01
1.860916448432699266e-01 0.000000000000000000e+00 8.700720156761141411e-01
1.877445713505473956e-01 0.000000000000000000e+00 8.667825223699269221e-01
1.893818887352463898e-01 0.000000000000000000e+00 8.634765118578131560e-01
1.910039907266443959e-01 0.000000000000000000e+00 8.601537570706535574e-01
1.926112551035543963e-01 0.000000000000000000e+00 8.568140258015091160e-01
1.942040445768144219e-01 0.000000000000000000e+00 8.534570805429418927e-01
1.957827076102767738e-01 0.000000000000000000e+00 8.500826783176893553e-01
1.973475791854346073e-01 0.000000000000000000e+00 8.466905705023581863e-01
1.988989815143338835e-01 0.000000000000000000e+00 8.432805026437805163e-01
2.004372247049677758e-01 0.000000000000000000e+00 8.398522142676649871e-01
2.019626073829585144e-01 0.000000000000000000e+00 8.364054386791346385e-01
2.034754172729718591e-01 0.000000000000000000e+00 8.329399027547381706e-01
2.049759317429995509e-01 0.000000000000000000e+00 8.294553267254810569e-01
2.064644183143611866e-01 0.000000000000000000e+00 8.259514239504001099e-01
2.079411351400168861e-01 0.000000000000000000e+00 8.224279006801791247e-01
2.094063314535546394e-01 0.000000000000000000e+00 8.188844558102577054e-01
2.108602479910235417e-01 0.000000000000000000e+00 8.153207806228683907e-01
2.123031173875745137e-01 0.000000000000000000e+00 8.117365585173874631e-01
2.137351645507306608e-01 0.000000000000000000e+00 8.081314647283432961e-01
2.151566070119309559e-01 0.000000000000000000e+00 8.045051660303995655e-01
2.165676552578816305e-01 0.000000000000000000e+00 8.008573204295544867e-01
2.179685130430961681e-01 0.000000000000000000e+00 7.971875768397841400e-01
2.193593776849237509e-01 0.000000000000000000e+00 7.934955747442685725e-01
2.207404403422338901e-01 0.000000000000000000e+00 7.897809438403045057e-01
2.221118862788570847e-01 0.000000000000000000e+00 7.860433036669373097e-01
2.234738951127797080e-01 0.000000000000000000e+00 7.822822632142704125e-01
2.248266410520213254e-01 0.000000000000000000e+00 7.784974205133510239e-01
2.261702931180542553e-01 0.000000000000000000e+00 7.746883622054347995e-01
2.275050153575522982e-01 0.000000000000000000e+00 7.708546630893583496e-01
2.288309670432113196e-01 0.000000000000000000e+00 7.669958856456456919e-01
2.301483028643118711e-01 0.000000000000000000e+00 7.631115795358737186e-01
2.314571731076607297e-01 0.000000000000000000e+00 7.592012810757178265e-01
2.327577238294974982e-01 0.000000000000000000e+00 7.552645126799649722e-01
2.340500970189036134e-01 0.000000000000000000e+00 7.513007822776632816e-01
2.353344307532280744e-01 0.000000000000000000e+00 7.473095826954224696e-01
2.366108593459937404e-01 0.000000000000000000e+00 7.432903910067266695e-01
2.378795134877266237e-01 0.000000000000000000e+00 7.392426678449541821e-01
2.391405203801124091e-01 0.000000000000000000e+00 7.351658566776057002e-01
2.403940038638676668e-01 0.000000000000000000e+00 7.310593830390352821e-01
2.416400845406730391e-01 0.000000000000000000e+00 7.269226537187661874e-01
2.428788798895073486e-01 0.000000000000000000e+00 7.227550559022086762e-01
2.441105043776912731e-01 0.000000000000000000e+00 7.185559562603436312e-01
2.453350695669268555e-01 0.000000000000000000e+00 7.143246999846285528e-01
2.465526842146090192e-01 0.000000000000000000e+00 7.100606097630567382e-01
2.477634543706647152e-01 0.000000000000000000e+00 7.057629846929371897e-01
2.489674834701522954e-01 0.000000000000000000e+00 7.014310991255717775e-01
2.501648724218495934e-01 0.000000000000000000e+00 6.970642014375555418e-01
2.513557196930401583e-01 0.000000000000000000e+00 6.926615127229461821e-01
2.525401213906907083e-01 0.000000000000000000e+00 6.882222254000061046e-01
2.537181713392110960e-01 0.000000000000000000e+00 6.837455017256166556e-01
2.548899611549658717e-01 0.000000000000000000e+00 6.792304722098089220e-01
2.560555803177027023e-01 0.000000000000000000e+00 6.746762339221016314e-01
2.572151162390525769e-01 0.000000000000000000e+00 6.700818486805194540e-01
2.583686543282434078e-01 0.000000000000000000e+00 6.654463411132418571e-01
2.595162780551713011e-01 0.000000000000000000e+00 6.607686965817894942e-01
2.606580690109475129e-01 0.000000000000000000e+00 6.560478589535233551e-01
2.617941069660510989e-01 0.000000000000000000e+00 6.512827282099097337e-01
2.629244699262001661e-01 0.000000000000000000e+00 6.464721578755658893e-01
2.640492341860448677e-01 0.000000000000000000e+00 6.416149522514540404e-01
2.651684743807932176e-01 0.000000000000000000e+00 6.367098634337333696e-01
2.662822635358572110e-01 0.000000000000000000e+00 6.317555880977068217e-01
2.673906731146167282e-01 0.000000000000000000e+00 6.267507640239082800e-01
2.684937730643857101e-01 0.000000000000000000e+00 6.216939663406980676e-01
2.695916318606617623e-01 0.000000000000000000e+00 6.165837034546770568e-01
2.706843165497371806e-01 0.000000000000000000e+00 6.114184126367288030e-01
2.717718927897448955e-01 0.000000000000000000e+00 6.061964552275320717e-01
2.728544248902087244e-01 0.000000000000000000e+00 6.009161114218062316e-01
2.739319758501631563e-01 0.000000000000000000e+00 5.955755745853148486e-01
2.750046073949056202e-01 0.000000000000000000e+00 5.901729450526260745e-01
2.760723800114425752e-01 0.000000000000000000e+00 5.847062233466477910e-01
2.779655729519229235e-01 0.000000000000000000e+00 5.834762913537594464e-01
2.806646756573905610e-01 0.000000000000000000e+00 5.865172623769630000e-01
2.833337301853376955e-01 0.000000000000000000e+00 5.895381850714502825e-01
2.859736275408573669e-01 0.000000000000000000e+00 5.925394141895325983e-01
2.885852164125715658e-01 0.000000000000000000e+00 5.955212943546750459e-01
2.911693059101085890e-01 0.000000000000000000e+00 5.984841604582608054e-01
2.937266680790773798e-01 0.000000000000000000e+00 6.014283380366918230e-01
2.962580402151924197e-01 0.000000000000000000e+00 6.043541436300013947e-01
2.987641269967478141e-01 0.000000000000000000e+00 6.072618851230647818e-01
3.012456024525254072e-01 0.000000000000000000e+00 6.101518620704362572e-01
3.037031117803474234e-01 0.000000000000000000e+00 6.130243660057480559e-01
3.061372730298589362e-01 0.000000000000000000e+00 6.158796807365660708e-01
3.085486786616917221e-01 0.000000000000000000e+00 6.187180826255185284e-01
3.109378969938949022e-01 0.000000000000000000e+00 6.215398408584738021e-01
3.133054735454130491e-01 0.000000000000000000e+00 6.243452177004858994e-01
3.156519322853957310e-01 0.000000000000000000e+00 6.271344687401767537e-01
3.179777767962628232e-01 0.000000000000000000e+00 6.299078431231922570e-01
3.202834913576700915e-01 0.000000000000000000e+00 6.326655837753143441e-01
3.225695419578297751e-01 0.000000000000000000e+00 6.354079276157862388e-01
3.248363772380377656e-01 0.000000000000000000e+00 6.381351057613702249e-01
3.270844293756969279e-01 0.000000000000000000e+00 6.408473437216183344e-01
3.293141149106542098e-01 0.000000000000000000e+00 6.435448615858180288e-01
3.315258355192197137e-01 0.000000000000000000e+00 6.462278742020385325e-01
3.337199787398473227e-01 0.000000000000000000e+00 6.488965913486794967e-01
3.358969186541085894e-01 0.000000000000000000e+00 6.515512178989071312e-01
3.380570165262671289e-01 0.000000000000000000e+00 6.541919539783246362e-01
3.402006214044803745e-01 0.000000000000000000e+00 6.568189951162206608e-01
3.423280706863986445e-01 0.000000000000000000e+00 6.594325323907085368e-01
3.444396906516936641e-01 0.000000000000000000e+00 6.620327525680521630e-01
3.465357969638472313e-01 0.000000000000000000e+00 6.646198382364674195e-01
3.486166951433314343e-01 0.000000000000000000e+00 6.671939679346515772e-01
3.506826810141425166e-01 0.000000000000000000e+00 6.697553162753048239e-01
3.527340411254956121e-01 0.000000000000000000e+00 6.723040540638671736e-01
3.547710531503456832e-01 0.000000000000000000e+00 6.748403484127062368e-01
3.567939862622614422e-01 0.000000000000000000e+00 6.773643628509569137e-01
3.588031014920746165e-01 0.000000000000000000e+00 6.798762574302182893e-01
3.607986520656066287e-01 0.000000000000000000e+00 6.823761888262953601e-01
3.627808837236827233e-01 0.000000000000000000e+00 6.848643104371634482e-01
3.647500350255566959e-01 0.000000000000000000e+00 6.873407724773267224e-01
3.667063376367742378e-01 0.000000000000000000e+00 6.898057220687288105e-01
3.686500166024433978e-01 0.000000000000000000e+00 6.922593033283699349e-01
3.705812906068004509e-01 0.000000000000000000e+00 6.947016574527735688e-01
3.725003722198980682e-01 0.000000000000000000e+00 6.971329227994385036e-01
3.744074681321900577e-01 0.000000000000000000e+00 6.995532349654111082e-01
3.763027793777237173e-01 0.000000000000000000e+00 7.019627268630930228e-01
3.781865015466092661e-01 0.000000000000000000e+00 7.043615287934099634e-01
3.800588249873873559e-01 0.000000000000000000e+00 7.067497685164482180e-01
3.819199349998723125e-01 0.000000000000000000e+00 7.091275713196620867e-01
3.837700120190142283e-01 0.000000000000000000e+00 7.114950600837630645e-01
3.856092317902811706e-01 0.000000000000000000e+00 7.138523553463751448e-01
3.874377655370356277e-01 0.000000000000000000e+00 7.161995753635531647e-01
3.892557801203442303e-01 0.000000000000000000e+00 7.185368361692520134e-01
3.910634381916353042e-01 0.000000000000000000e+00 7.208642516328250816e-01
3.928608983385884490e-01 0.000000000000000000e+00 7.231819335146357774e-01
3.946483152246200166e-01 0.000000000000000000e+00 7.254899915198528282e-01
3.964258397223017760e-01 0.000000000000000000e+00 7.277885333505034193e-01
3.981936190410326759e-01 0.000000000000000000e+00 7.300776647558523402e-01
3.999517968492611875e-01 0.000000000000000000e+00 7.323574895811697516e-01
4.017005133915417803e-01 0.000000000000000000e+00 7.346281098149557431e-01
4.034399056006848783e-01 0.000000000000000000e+00 7.368896256346731954e-01
4.051701072052510955e-01 0.000000000000000000e+00 7.391421354510512298e-01
4.068912488326241195e-01 0.000000000000000000e+00 7.413857359510134248e-01
4.086034581078775707e-01 0.000000000000000000e+00 7.436205221392766518e-01
4.103068597486497215e-01 0.000000000000000000e+00 7.458465873786791489e-01
4.120015756562134257e-01 0.000000000000000000e+00 7.480640234292774693e-01
4.136877250029309949e-01 0.000000000000000000e+00 7.502729204862611523e-01
4.153654243162644422e-01 0.000000000000000000e+00 7.524733672167277510e-01
4.170347875595056819e-01 0.000000000000000000e+00 7.546654507953591828e-01
4.186959262093831735e-01 0.000000000000000000e+00 7.568492569390404823e-01
4.203489493306872271e-01 0.000000000000000000e+00 7.590248699404575916e-01
4.219939636480559142e-01 0.000000000000000000e+00 7.611923727007110507e-01
4.236310736150492029e-01 0.000000000000000000e+00 7.633518467609804459e-01
4.252603814806391602e-01 0.000000000000000000e+00 7.655033723332720363e-01
4.268819873532269105e-01 0.000000000000000000e+00 7.676470283302854192e-01
4.284959892623049771e-01 0.000000000000000000e+00 7.697828923944252111e-01
4.301024832178619861e-01 0.000000000000000000e+00 7.719110409259886119e-01
4.317015632676355352e-01 0.000000000000000000e+00 7.740315491105600465e-01
4.332933215523045445e-01 0.000000000000000000e+00 7.761444909456353125e-01
4.348778483587123489e-01 0.000000000000000000e+00 7.782499392665065407e-01
4.364552321712024119e-01 0.000000000000000000e+00 7.803479657714282869e-01
4.380255597211530350e-01 0.000000000000000000e+00 7.824386410460897334e-01
4.395889160347801194e-01 0.000000000000000000e+00 7.845220345874218681e-01
4.411453844792887491e-01 0.000000000000000000e+00 7.865982148267498530e-01
4.426950468074362655e-01 0.000000000000000000e+00 7.886672491523267770e-01
4.442379832005788898e-01 0.000000000000000000e+00 7.907292039312558973e-01
4.457742723102567362e-01 0.000000000000000000e+00 7.927841445308300150e-01
4.473039912983851063e-01 0.000000000000000000e+00 7.948321353393028588e-01
4.488272158761043573e-01 0.000000000000000000e+00 7.968732397861109096e-01
4.503440203413410781e-01 0.000000000000000000e+00 7.989075203615658705e-01
4.518544776151376952e-01 0.000000000000000000e+00 8.009350386360309937e-01
4.533586592767925860e-01 0.000000000000000000e+00 8.029558552786008052e-01
4.548566355978639897e-01 0.000000000000000000e+00 8.049700300752972160e-01
4.563484755750771282e-01 0.000000000000000000e+00 8.069776219467985623e-01
4.578342469621815014e-01 0.000000000000000000e+00 8.089786889657171187e-01
4.593140163007961019e-01 0.000000000000000000e+00 8.109732883734366293e-01
4.607878489502811870e-01 0.000000000000000000e+00 8.129614765965249568e-01
4.622558091166780181e-01 0.000000000000000000e+00 8.149433092627343944e-01
4.637179598807442127e-01 0.000000000000000000e+00 8.169188412166015212e-01
4.651743632251276739e-01 0.000000000000000000e+00 8.188881265346625860e-01
4.666250800607039673e-01 0.000000000000000000e+00 8.208512185402883077e-01
4.680701702521121166e-01 0.000000000000000000e+00 8.228081698181577419e-01
4.695096926425170181e-01 0.000000000000000000e+00 8.247590322283763209e-01
4.709437050776273392e-01 0.000000000000000000e+00 8.267038569202517229e-01
4.723722644289964356e-01 0.000000000000000000e+00 8.286426943457356753e-01
4.737954266166294892e-01 0.000000000000000000e+00 8.305755942725431273e-01
4.752132466309269554e-01 0.000000000000000000e+00 8.325026057969566740e-01
4.766257785539814162e-01 0.000000000000000000e+00 8.344237773563254468e-01
4.780330755802577047e-01 0.000000000000000000e+00 8.363391567412704619e-01
4.794351900366722874e-01 0.000000000000000000e+00 8.382487911075998666e-01
4.808321734020958860e-01 0.000000000000000000e+00 8.401527269879454085e-01
4.822240763262998775e-01 0.000000000000000000e+00 8.420510103031282334e-01
4.836109486483625708e-01 0.000000000000000000e+00 8.439436863732594496e-01
4.849928394145576749e-01 0.000000000000000000e+00 8.458307999285862300e-01
4.863697968957410578e-01 0.000000000000000000e+00 8.477123951200876695e-01
4.877418686042514495e-01 0.000000000000000000e+00 8.495885155298276148e-01
4.891091013103442964e-01 0.000000000000000000e+00 8.514592041810733480e-01
4.904715410581712010e-01 0.000000000000000000e+00 8.533245035481850094e-01
4.918292331813235996e-01 0.000000000000000000e+00 8.551844555662809766e-01
4.931822223179535558e-01 0.000000000000000000e+00 8.570391016406891938e-01
4.945305524254818841e-01 0.000000000000000000e+00 8.588884826561844488e-01
4.958742667949168070e-01 0.000000000000000000e+00 8.607326389860231464e-01
4.972134080647833687e-01 0.000000000000000000e+00 8.625716105007771306e-01
4.985480182346868072e-01 0.000000000000000000e+00 8.644054365769739956e-01
4.998781386785156600e-01 0.000000000000000000e+00 8.662341561055481032e-01
5.012038101572983129e-01 0.000000000000000000e+00 8.680578075001075256e-01
5.025250728317234294e-01 0.000000000000000000e+00 8.698764287050221311e-01
5.038419662743349736e-01 0.000000000000000000e+00 8.716900572033361438e-01
5.051545294814124842e-01 0.000000000000000000e+00 8.734987300245123931e-01
5.064628008845464269e-01 0.000000000000000000e+00 8.753024837520101409e-01
5.077668183619162834e-01 0.000000000000000000e+00 8.771013545307019266e-01
5.090666192492846465e-01 0.000000000000000000e+00 8.788953780741334265e-01
5.103622403507096505e-01 0.000000000000000000e+00 8.806845896716288813e-01
5.116537179489936138e-01 0.000000000000000000e+00 8.824690241952516390e-01
5.129410878158658926e-01 0.000000000000000000e+00 8.842487161066135970e-01
5.142243852219136047e-01 0.000000000000000000e+00 8.860236994635478647e-01
5.155036449462695458e-01 0.000000000000000000e+00 8.877940079266410933e-01
5.167789012860579678e-01 0.000000000000000000e+00 8.895596747656304704e-01
5.180501880656125380e-01 0.000000000000000000e+00 8.913207328656725936e-01
5.193175386454685905e-01 0.000000000000000000e+00 8.930772147334812283e-01
5.205809859311371079e-01 0.000000000000000000e+00 8.948291525033417182e-01
5.218405623816695371e-01 0.000000000000000000e+00 8.965765779430034943e-01
5.230963000180147704e-01 0.000000000000000000e+00 8.983195224594535677e-01
5.243482304311805065e-01 0.000000000000000000e+00 9.000580171045752254e-01
5.255963847901978792e-01 0.000000000000000000e+00 9.017920925806923726e-01
5.268407938498997911e-01 0.000000000000000000e+00 9.035217792460039643e-01
5.280814879585176147e-01 0.000000000000000000e+00 9.052471071199120756e-01
5.293184970650984811e-01 0.000000000000000000e+00 9.069681058882425040e-01
5.305518507267525941e-01 0.000000000000000000e+00 9.086848049083656731e-01
5.317815781157309019e-01 0.000000000000000000e+00 9.103972332142156176e-01
5.330077080263432299e-01 0.000000000000000000e+00 9.121054195212108251e-01
5.342302688817142098e-01 0.000000000000000000e+00 9.138093922310822625e-01
5.354492887403881074e-01 0.000000000000000000e+00 9.155091794366050362e-01
5.366647953027845475e-01 0.000000000000000000e+00 9.172048089262415660e-01
5.378768159175056907e-01 0.000000000000000000e+00 9.188963081886953876e-01
5.390853775875054099e-01 0.000000000000000000e+00 9.205837044173763584e-01
5.402905069761197998e-01 0.000000000000000000e+00 9.222670245147835955e-01
5.414922304129609065e-01 0.000000000000000000e+00 9.239462950968042598e-01
5.426905738996862238e-01 0.000000000000000000e+00 9.256215424969314043e-01
5.438855631156339632e-01 0.000000000000000000e+00 9.272927927704033291e-01
5.450772234233417501e-01 0.000000000000000000e+00 9.289600716982656659e-01
5.462655798739397550e-01 0.000000000000000000e+00 9.306234047913558571e-01
5.474506572124312465e-01 0.000000000000000000e+00 9.322828172942180247e-01
5.486324798828559057e-01 0.000000000000000000e+00 9.339383341889413437e-01
5.498110720333441170e-01 0.000000000000000000e+00 9.355899801989302489e-01
5.509864575210615678e-01 0.000000000000000000e+00 9.372377797926058074e-01
5.521586599170511533e-01 0.000000000000000000e+00 9.388817571870375911e-01
5.533277025109697433e-01 0.000000000000000000e+00 9.405219363515121556e-01
