0.000000000000000000e+00 0.000000000000000000e+00 1.000000000000000000e+00
0.000000000000000000e+00 0.000000000000000000e+00 1.000000000000000000e+00
0.000000000000000000e+00 2.175707440167202328e-02 1.000000000000000000e+00
0.000000000000000000e+00 6.827976800193738538e-02 1.000000000000000000e+00
0.000000000000000000e+00 9.912029191193824640e-02 1.000000000000000000e+00
0.000000000000000000e+00 1.230960042757179573e-01 1.000000000000000000e+00
0.000000000000000000e+00 1.432358647140764552e-01 1.000000000000000000e+00
0.000000000000000000e+00 1.608542367413278440e-01 1.000000000000000000e+00
0.000000000000000000e+00 1.766591785654823554e-01 1.000000000000000000e+00
0.000000000000000000e+00 1.910824786873427106e-01 1.000000000000000000e+00
0.000000000000000000e+00 2.044098166213186851e-01 1.000000000000000000e+00
0.000000000000000000e+00 2.168414938645612522e-01 1.000000000000000000e+00
0.000000000000000000e+00 2.285241969819853947e-01 1.000000000000000000e+00
0.000000000000000000e+00 2.395690537457652036e-01 1.000000000000000000e+00
0.000000000000000000e+00 2.500625735185750820e-01 1.000000000000000000e+00
0.000000000000000000e+00 2.600736197876402089e-01 1.000000000000000000e+00
0.000000000000000000e+00 2.696580403529494907e-01 1.000000000000000000e+00
0.000000000000000000e+00 2.788618487638640508e-01 1.000000000000000000e+00
0.000000000000000000e+00 2.877234741685126829e-01 1.000000000000000000e+00
0.000000000000000000e+00 2.962753920567524624e-01 1.000000000000000000e+00
0.000000000000000000e+00 3.045453317499893786e-01 1.000000000000000000e+00
0.000000000000000000e+00 3.125571873304098247e-01 1.000000000000000000e+00
0.000000000000000000e+00 3.203317162494581094e-01 1.000000000000000000e+00
0.000000000000000000e+00 3.278870829993741909e-01 1.000000000000000000e+00
0.000000000000000000e+00 3.352392877847335528e-01 1.000000000000000000e+00
0.000000000000000000e+00 3.424025085259240209e-01 1.000000000000000000e+00
0.000000000000000000e+00 3.493893766425134606e-01 1.000000000000000000e+00
0.000000000000000000e+00 3.562112016056038222e-01 1.000000000000000000e+00
0.000000000000000000e+00 3.628781554029570366e-01 1.000000000000000000e+00
0.000000000000000000e+00 3.693994253092403590e-01 1.000000000000000000e+00
0.000000000000000000e+00 3.757833413566799008e-01 1.000000000000000000e+00
0.000000000000000000e+00 3.820374834327197044e-01 1.000000000000000000e+00
0.000000000000000000e+00 3.881687718380824603e-01 1.000000000000000000e+00
0.000000000000000000e+00 3.941835443157695185e-01 1.000000000000000000e+00
0.000000000000000000e+00 4.000876219357405450e-01 1.000000000000000000e+00
0.000000000000000000e+00 4.058863657394875535e-01 1.000000000000000000e+00
0.000000000000000000e+00 4.115847256764234019e-01 1.000000000000000000e+00
0.000000000000000000e+00 4.171872830731547244e-01 1.000000000000000000e+00
0.000000000000000000e+00 4.226982876476694240e-01 1.000000000000000000e+00
0.000000000000000000e+00 4.281216898988204900e-01 1.000000000000000000e+00
0.000000000000000000e+00 4.334611695563808653e-01 1.000000000000000000e+00
0.000000000000000000e+00 4.387201606603078341e-01 1.000000000000000000e+00
0.000000000000000000e+00 4.439018737435029283e-01 1.000000000000000000e+00
0.000000000000000000e+00 4.490093155155950311e-01 1.000000000000000000e+00
0.000000000000000000e+00 4.540453063824866908e-01 1.000000000000000000e+00
0.000000000000000000e+00 4.590124960847662972e-01 1.000000000000000000e+00
0.000000000000000000e+00 4.639133776954212363e-01 1.000000000000000000e+00
0.000000000000000000e+00 4.687503001818628667e-01 1.000000000000000000e+00
0.000000000000000000e+00 4.735254797077273481e-01 1.000000000000000000e+00
0.000000000000000000e+00 4.782410098251686503e-01 1.000000000000000000e+00
0.000000000000000000e+00 4.828988706875584902e-01 1.000000000000000000e+00
0.000000000000000000e+00 4.875009373949315550e-01 1.000000000000000000e+00
0.000000000000000000e+00 4.920489875696323900e-01 1.000000000000000000e+00
0.000000000000000000e+00 4.965447082469637841e-01 1.000000000000000000e+00
0.000000000000000000e+00 5.009897021548292972e-01 1.000000000000000000e+00
0.000000000000000000e+00 5.053854934471229132e-01 1.000000000000000000e+00
0.000000000000000000e+00 5.097335329476709864e-01 1.000000000000000000e+00
0.000000000000000000e+00 5.140352029547013979e-01 1.000000000000000000e+00
0.000000000000000000e+00 5.182918216499000641e-01 1.000000000000000000e+00
0.000000000000000000e+00 5.225046471509986468e-01 1.000000000000000000e+00
0.000000000000000000e+00 5.266748812423964754e-01 1.000000000000000000e+00
0.000000000000000000e+00 5.308036728144476246e-01 1.000000000000000000e+00
0.000000000000000000e+00 5.348921210386610170e-01 1.000000000000000000e+00
0.000000000000000000e+00 5.389412783031138909e-01 1.000000000000000000e+00
0.000000000000000000e+00 5.429521529297799409e-01 1.000000000000000000e+00
0.000000000000000000e+00 5.469257116931908191e-01 1.000000000000000000e+00
0.000000000000000000e+00 5.508628821578565038e-01 1.000000000000000000e+00
0.000000000000000000e+00 5.547645548500779178e-01 1.000000000000000000e+00
0.000000000000000000e+00 5.586315852782336444e-01 1.000000000000000000e+00
0.000000000000000000e+00 5.624647958142251492e-01 1.000000000000000000e+00
0.000000000000000000e+00 5.662649774475299047e-01 1.000000000000000000e+00
0.000000000000000000e+00 5.700328914222222432e-01 1.000000000000000000e+00
0.000000000000000000e+00 5.737692707663331060e-01 1.000000000000000000e+00
0.000000000000000000e+00 5.774748217220565527e-01 1.000000000000000000e+00
0.000000000000000000e+00 5.811502250845194117e-01 1.000000000000000000e+00
0.000000000000000000e+00 5.847961374561451153e-01 1.000000000000000000e+00
0.000000000000000000e+00 5.884131924229979438e-01 1.000000000000000000e+00
0.000000000000000000e+00 5.920020016589475631e-01 1.000000000000000000e+00
0.000000000000000000e+00 5.955631559629731564e-01 1.000000000000000000e+00
0.000000000000000000e+00 5.990972262344772536e-01 1.000000000000000000e+00
0.000000000000000000e+00 6.026047643910623641e-01 1.000000000000000000e+00
0.000000000000000000e+00 6.060863042328551442e-01 1.000000000000000000e+00
0.000000000000000000e+00 6.095423622571204403e-01 1.000000000000000000e+00
0.000000000000000000e+00 6.129734384266064540e-01 1.000000000000000000e+00
0.000000000000000000e+00 6.163800168947837221e-01 1.000000000000000000e+00
0.000000000000000000e+00 6.197625666908858078e-01 1.000000000000000000e+00
0.000000000000000000e+00 6.231215423674373310e-01 1.000000000000000000e+00
0.000000000000000000e+00 6.264573846127382550e-01 1.000000000000000000e+00
0.000000000000000000e+00 6.297705208305904856e-01 1.000000000000000000e+00
0.000000000000000000e+00 6.330613656893768759e-01 1.000000000000000000e+00
0.000000000000000000e+00 6.363303216424398556e-01 1.000000000000000000e+00
0.000000000000000000e+00 6.395777794215726786e-01 1.000000000000000000e+00
0.000000000000000000e+00 6.428041185052906226e-01 1.000000000000000000e+00
0.000000000000000000e+00 6.460097075634398944e-01 1.000000000000000000e+00
0.000000000000000000e+00 6.491949048795814248e-01 1.000000000000000000e+00
0.000000000000000000e+00 6.523600587524917005e-01 1.000000000000000000e+00
0.000000000000000000e+00 6.555055078780200883e-01 1.000000000000000000e+00
0.000000000000000000e+00 6.586315817124669403e-01 1.000000000000000000e+00
0.000000000000000000e+00 6.617386008185559554e-01 1.000000000000000000e+00
0.000000000000000000e+00 6.648268771950083256e-01 1.000000000000000000e+00
0.000000000000000000e+00 6.678967145906541392e-01 1.000000000000000000e+00
0.000000000000000000e+00 6.709484088039581184e-01 1.000000000000000000e+00
0.000000000000000000e+00 6.739822479687734846e-01 1.000000000000000000e+00
0.000000000000000000e+00 6.769985128270903374e-01 1.000000000000000000e+00
0.000000000000000000e+00 6.799974769894916449e-01 1.000000000000000000e+00
0.000000000000000000e+00 6.829794071839843106e-01 1.000000000000000000e+00
0.000000000000000000e+00 6.859445634938320380e-01 1.000000000000000000e+00
0.000000000000000000e+00 6.888931995849775225e-01 1.000000000000000000e+00
0.000000000000000000e+00 6.918255629236007564e-01 1.000000000000000000e+00
0.000000000000000000e+00 6.947418949843336966e-01 1.000000000000000000e+00
0.000000000000000000e+00 6.976424314496132428e-01 1.000000000000000000e+00
0.000000000000000000e+00 7.005274024006268307e-01 1.000000000000000000e+00
0.000000000000000000e+00 7.033970325002820712e-01 1.000000000000000000e+00
0.000000000000000000e+00 7.062515411685991173e-01 1.000000000000000000e+00
0.000000000000000000e+00 7.090911427509057896e-01 1.000000000000000000e+00
0.000000000000000000e+00 7.119160466791938369e-01 1.000000000000000000e+00
0.000000000000000000e+00 7.147264576269691805e-01 1.000000000000000000e+00
0.000000000000000000e+00 7.175225756579143299e-01 1.000000000000000000e+00
0.000000000000000000e+00 7.203045963686620645e-01 1.000000000000000000e+00
0.000000000000000000e+00 7.230727110259623780e-01 1.000000000000000000e+00
0.000000000000000000e+00 7.258271066985051423e-01 1.000000000000000000e+00
0.000000000000000000e+00 7.285679663836552855e-01 1.000000000000000000e+00
0.000000000000000000e+00 7.312954691293340748e-01 1.000000000000000000e+00
0.000000000000000000e+00 7.340097901512722123e-01 1.000000000000000000e+00
0.000000000000000000e+00 7.367111009458469084e-01 1.000000000000000000e+00
0.000000000000000000e+00 7.393995693987037710e-01 1.000000000000000000e+00
0.000000000000000000e+00 7.420753598893535807e-01 1.000000000000000000e+00
0.000000000000000000e+00 7.447386333919264745e-01 1.000000000000000000e+00
0.000000000000000000e+00 7.473895475722492909e-01 1.000000000000000000e+00
0.000000000000000000e+00 7.500282568814137241e-01 1.000000000000000000e+00
0.000000000000000000e+00 7.526549126459847194e-01 1.000000000000000000e+00
0.000000000000000000e+00 7.552696631549958850e-01 1.000000000000000000e+00
0.000000000000000000e+00 7.578726537438723598e-01 1.000000000000000000e+00
0.000000000000000000e+00 7.604640268754091492e-01 1.000000000000000000e+00
0.000000000000000000e+00 7.630439222179308256e-01 1.000000000000000000e+00
0.000000000000000000e+00 7.656124767207541648e-01 1.000000000000000000e+00
0.000000000000000000e+00 7.681698246870599656e-01 1.000000000000000000e+00
0.000000000000000000e+00 7.707160978442896271e-01 1.000000000000000000e+00
0.000000000000000000e+00 7.732514254121595210e-01 1.000000000000000000e+00
0.000000000000000000e+00 7.757759341683989618e-01 1.000000000000000000e+00
0.000000000000000000e+00 7.782897485122972636e-01 1.000000000000000000e+00
0.000000000000000000e+00 7.807929905261519199e-01 1.000000000000000000e+00
0.000000000000000000e+00 7.832857800347010624e-01 1.000000000000000000e+00
0.000000000000000000e+00 7.857682346626186920e-01 1.000000000000000000e+00
0.000000000000000000e+00 7.882404698901516182e-01 1.000000000000000000e+00
0.000000000000000000e+00 7.907025991069683846e-01 1.000000000000000000e+00
0.000000000000000000e+00 7.931547336642907897e-01 1.000000000000000000e+00
0.000000000000000000e+00 7.955969829253747294e-01 1.000000000000000000e+00
0.000000000000000000e+00 7.980294543144015318e-01 1.000000000000000000e+00
0.000000000000000000e+00 8.004522533638444015e-01 1.000000000000000000e+00
0.000000000000000000e+00 8.028654837603619310e-01 1.000000000000000000e+00
0.000000000000000000e+00 8.052692473892795189e-01 1.000000000000000000e+00
0.000000000000000000e+00 8.076636443777064356e-01 1.000000000000000000e+00
0.000000000000000000e+00 8.100487731363450461e-01 1.000000000000000000e+00
0.000000000000000000e+00 8.124247304000328240e-01 1.000000000000000000e+00
0.000000000000000000e+00 8.147916112670706701e-01 1.000000000000000000e+00
0.000000000000000000e+00 8.171495092373759483e-01 1.000000000000000000e+00
0.000000000000000000e+00 8.194985162495076469e-01 1.000000000000000000e+00
0.000000000000000000e+00 8.218387227165989684e-01 1.000000000000000000e+00
0.000000000000000000e+00 8.241702175612416470e-01 1.000000000000000000e+00
0.000000000000000000e+00 8.264930882493538578e-01 1.000000000000000000e+00
0.000000000000000000e+00 8.288074208230713502e-01 1.000000000000000000e+00
0.000000000000000000e+00 8.311132999326952264e-01 1.000000000000000000e+00
0.000000000000000000e+00 8.334108088677260051e-01 1.000000000000000000e+00
0.000000000000000000e+00 8.357000295870213868e-01 1.000000000000000000e+00
0.000000000000000000e+00 8.379810427481020341e-01 1.000000000000000000e+00
0.000000000000000000e+00 8.402539277356380065e-01 1.000000000000000000e+00
0.000000000000000000e+00 8.425187626891398329e-01 1.000000000000000000e+00
0.000000000000000000e+00 8.447756245298900790e-01 1.000000000000000000e+00
0.000000000000000000e+00 8.470245889871251821e-01 1.000000000000000000e+00
0.000000000000000000e+00 8.492657306235112946e-01 1.000000000000000000e+00
0.000000000000000000e+00 8.514991228599196882e-01 1.000000000000000000e+00
0.000000000000000000e+00 8.537248379995391323e-01 1.000000000000000000e+00
0.000000000000000000e+00 8.559429472513364612e-01 1.000000000000000000e+00
0.000000000000000000e+00 8.581535207528951936e-01 1.000000000000000000e+00
0.000000000000000000e+00 8.603566275926433082e-01 1.000000000000000000e+00
0.000000000000000000e+00 8.625523358314984845e-01 1.000000000000000000e+00
0.000000000000000000e+00 8.647407125239428005e-01 1.000000000000000000e+00
0.000000000000000000e+00 8.669218237385492021e-01 1.000000000000000000e+00
0.000000000000000000e+00 8.690957345779748433e-01 1.000000000000000000e+00
0.000000000000000000e+00 8.712625091984396164e-01 1.000000000000000000e+00
0.000000000000000000e+00 8.734222108287035269e-01 1.000000000000000000e+00
0.000000000000000000e+00 8.755749017885604557e-01 1.000000000000000000e+00
0.000000000000000000e+00 8.777206435068655166e-01 1.000000000000000000e+00
0.000000000000000000e+00 8.798594965391028921e-01 1.000000000000000000e+00
0.000000000000000000e+00 8.819915205845170192e-01 1.000000000000000000e+00
0.000000000000000000e+00 8.841167745028145619e-01 1.000000000000000000e+00
0.000000000000000000e+00 8.862353163304521608e-01 1.000000000000000000e+00
0.000000000000000000e+00 8.883472032965218368e-01 1.000000000000000000e+00
0.000000000000000000e+00 8.904524918382477061e-01 1.000000000000000000e+00
0.000000000000000000e+00 8.925512376161017780e-01 1.000000000000000000e+00
0.000000000000000000e+00 8.946434955285568202e-01 1.000000000000000000e+00
0.000000000000000000e+00 8.967293197264767368e-01 1.000000000000000000e+00
0.000000000000000000e+00 8.988087636271681058e-01 1.000000000000000000e+00
0.000000000000000000e+00 9.008818799280891021e-01 1.000000000000000000e+00
0.000000000000000000e+00 9.029487206202373439e-01 1.000000000000000000e+00
0.000000000000000000e+00 9.050093370012181060e-01 1.000000000000000000e+00
0.000000000000000000e+00 9.070637796880064441e-01 1.000000000000000000e+00
0.000000000000000000e+00 9.091120986294090045e-01 1.000000000000000000e+00
0.000000000000000000e+00 9.111543431182373975e-01 1.000000000000000000e+00
0.000000000000000000e+00 9.131905618031966876e-01 1.000000000000000000e+00
0.000000000000000000e+00 9.152208027005023228e-01 1.000000000000000000e+00
0.000000000000000000e+00 9.172451132052293898e-01 1.000000000000000000e+00
0.000000000000000000e+00 9.192635401024014108e-01 1.000000000000000000e+00
0.000000000000000000e+00 9.212761295778298942e-01 1.000000000000000000e+00
0.000000000000000000e+00 9.232829272287054190e-01 1.000000000000000000e+00
0.000000000000000000e+00 9.252839780739544606e-01 1.000000000000000000e+00
0.000000000000000000e+00 9.272793265643597405e-01 1.000000000000000000e+00
0.000000000000000000e+00 9.292690165924589740e-01 1.000000000000000000e+00
0.000000000000000000e+00 9.312530915022224631e-01 1.000000000000000000e+00
0.000000000000000000e+00 9.332315940985166369e-01 1.000000000000000000e+00
0.000000000000000000e+00 9.352045666563603143e-01 1.000000000000000000e+00
0.000000000000000000e+00 9.371720509299799051e-01 1.000000000000000000e+00
0.000000000000000000e+00 9.391340881616645486e-01 1.000000000000000000e+00
0.000000000000000000e+00 9.410907190904331809e-01 1.000000000000000000e+00
0.000000000000000000e+00 9.430419839605119758e-01 1.000000000000000000e+00
0.000000000000000000e+00 9.449879225296317076e-01 1.000000000000000000e+00
0.000000000000000000e+00 9.469285740771468118e-01 1.000000000000000000e+00
0.000000000000000000e+00 9.488639774119830284e-01 1.000000000000000000e+00
0.000000000000000000e+00 9.507941708804156233e-01 1.000000000000000000e+00
0.000000000000000000e+00 9.527191923736858525e-01 1.000000000000000000e+00
0.000000000000000000e+00 9.546390793354545545e-01 1.000000000000000000e+00
0.000000000000000000e+00 9.565538687691047537e-01 1.000000000000000000e+00
0.000000000000000000e+00 9.584635972448879437e-01 1.000000000000000000e+00
0.000000000000000000e+00 9.603683009069262644e-01 1.000000000000000000e+00
0.000000000000000000e+00 9.622680154800681285e-01 1.000000000000000000e+00
0.000000000000000000e+00 9.641627762766044052e-01 1.000000000000000000e+00
0.000000000000000000e+00 9.660526182028491560e-01 1.000000000000000000e+00
0.000000000000000000e+00 9.679375757655822587e-01 1.000000000000000000e+00
0.000000000000000000e+00 9.698176830783676872e-01 1.000000000000000000e+00
0.000000000000000000e+00 9.716929738677394512e-01 1.000000000000000000e+00
0.000000000000000000e+00 9.735634814792663017e-01 1.000000000000000000e+00
0.000000000000000000e+00 9.754292388834949756e-01 1.000000000000000000e+00
0.000000000000000000e+00 9.772902786817759813e-01 1.000000000000000000e+00
0.000000000000000000e+00 9.791466331119710320e-01 1.000000000000000000e+00
0.000000000000000000e+00 9.809983340540534558e-01 1.000000000000000000e+00
0.000000000000000000e+00 9.828454130355929186e-01 1.000000000000000000e+00
0.000000000000000000e+00 9.846879012371380080e-01 1.000000000000000000e+00
0.000000000000000000e+00 9.865258294974897924e-01 1.000000000000000000e+00
0.000000000000000000e+00 9.883592283188785688e-01 1.000000000000000000e+00
0.000000000000000000e+00 9.901881278720338075e-01 1.000000000000000000e+00
0.000000000000000000e+00 9.920125580011639466e-01 1.000000000000000000e+00
0.000000000000000000e+00 9.938325482288355994e-01 1.000000000000000000e+00
0.000000000000000000e+00 9.956481277607628355e-01 1.000000000000000000e+00
0.000000000000000000e+00 9.974593254905043116e-01 1.000000000000000000e+00
0.000000000000000000e+00 9.992661700040718076e-01 1.000000000000000000e+00
0.000000000000000000e+00 1.000000000000000000e+00 1.000000000000000000e+00
0.000000000000000000e+00 1.000000000000000000e+00 1.000000000000000000e+00
0.000000000000000000e+00 1.000000000000000000e+00 1.000000000000000000e+00
0.000000000000000000e+00 1.000000000000000000e+00 1.000000000000000000e+00
0.000000000000000000e+00 1.000000000000000000e+00 1.000000000000000000e+00
0.000000000000000000e+00 1.000000000000000000e+00 1.000000000000000000e+00
0.000000000000000000e+00 1.000000000000000000e+00 1.000000000000000000e+00
0.000000000000000000e+00 1.000000000000000000e+00 1.000000000000000000e+00
0.000000000000000000e+00 1.000000000000000000e+00 1.000000000000000000e+00
0.000000000000000000e+00 1.000000000000000000e+00 1.000000000000000000e+00
0.000000000000000000e+00 1.000000000000000000e+00 1.000000000000000000e+00
0.000000000000000000e+00 1.000000000000000000e+00 1.000000000000000000e+00
0.000000000000000000e+00 1.000000000000000000e+00 1.000000000000000000e+00
0.000000000000000000e+00 1.000000000000000000e+00 1.000000000000000000e+00
0.000000000000000000e+00 1.000000000000000000e+00 1.000000000000000000e+00
0.000000000000000000e+00 1.000000000000000000e+00 1.000000000000000000e+00
0.000000000000000000e+00 1.000000000000000000e+00 1.000000000000000000e+00
0.000000000000000000e+00 1.000000000000000000e+00 1.000000000000000000e+00
0.000000000000000000e+00 1.000000000000000000e+00 1.000000000000000000e+00
0.000000000000000000e+00 1.000000000000000000e+00 1.000000000000000000e+00
0.000000000000000000e+00 1.000000000000000000e+00 1.000000000000000000e+00
0.000000000000000000e+00 1.000000000000000000e+00 1.000000000000000000e+00
0.000000000000000000e+00 1.000000000000000000e+00 1.000000000000000000e+00
0.000000000000000000e+00 1.000000000000000000e+00 1.000000000000000000e+00
0.000000000000000000e+00 1.000000000000000000e+00 1.000000000000000000e+00
0.000000000000000000e+00 1.000000000000000000e+00 1.000000000000000000e+00
0.000000000000000000e+00 1.000000000000000000e+00 1.000000000000000000e+00
0.000000000000000000e+00 1.000000000000000000e+00 1.000000000000000000e+00
0.000000000000000000e+00 1.000000000000000000e+00 1.000000000000000000e+00
0.000000000000000000e+00 1.000000000000000000e+00 1.000000000000000000e+00
0.000000000000000000e+00 1.000000000000000000e+00 1.000000000000000000e+00
0.000000000000000000e+00 1.000000000000000000e+00 1.000000000000000000e+00
0.000000000000000000e+00 1.000000000000000000e+00 1.000000000000000000e+00
0.000000000000000000e+00 1.000000000000000000e+00 1.000000000000000000e+00
2.702307000526868452e-02 1.000000000000000000e+00 1.000000000000000000e+00
6.887120550118444595e-02 1.000000000000000000e+00 1.000000000000000000e+00
9.732660864242623222e-02 1.000000000000000000e+00 1.000000000000000000e+00
1.197925093921306527e-01 1.000000000000000000e+00 1.000000000000000000e+00
1.388043106792161141e-01 1.000000000000000000e+00 1.000000000000000000e+00
1.555086535778284484e-01 1.000000000000000000e+00 1.000000000000000000e+00
1.705369745336229592e-01 1.000000000000000000e+00 1.000000000000000000e+00
1.842797193928827071e-01 1.000000000000000000e+00 1.000000000000000000e+00
1.969977133761777188e-01 1.000000000000000000e+00 1.000000000000000000e+00
2.088751329213915375e-01 1.000000000000000000e+00 1.000000000000000000e+00
2.200475927903365325e-01 1.000000000000000000e+00 1.000000000000000000e+00
2.306182780946992028e-01 1.000000000000000000e+00 1.000000000000000000e+00
2.406677980583519783e-01 1.000000000000000000e+00 1.000000000000000000e+00
2.502605069846898789e-01 1.000000000000000000e+00 1.000000000000000000e+00
2.594487243016438960e-01 1.000000000000000000e+00 1.000000000000000000e+00
2.682756472369406953e-01 1.000000000000000000e+00 1.000000000000000000e+00
2.767774184937714654e-01 1.000000000000000000e+00 1.000000000000000000e+00
2.849846298960511670e-01 1.000000000000000000e+00 1.000000000000000000e+00
2.929234389683008644e-01 1.000000000000000000e+00 1.000000000000000000e+00
3.006164134105405172e-01 1.000000000000000000e+00 1.000000000000000000e+00
3.080831801914018508e-01 1.000000000000000000e+00 1.000000000000000000e+00
3.153409316947591856e-01 1.000000000000000000e+00 1.000000000000000000e+00
3.224048255196050317e-01 1.000000000000000000e+00 1.000000000000000000e+00
3.292883039656542277e-01 1.000000000000000000e+00 1.000000000000000000e+00
3.360033520375403371e-01 1.000000000000000000e+00 1.000000000000000000e+00
3.425607078022506191e-01 1.000000000000000000e+00 1.000000000000000000e+00
3.489700354054176001e-01 1.000000000000000000e+00 1.000000000000000000e+00
3.552400685214274767e-01 1.000000000000000000e+00 1.000000000000000000e+00
3.613787301718182077e-01 1.000000000000000000e+00 1.000000000000000000e+00
3.673932334905355424e-01 1.000000000000000000e+00 1.000000000000000000e+00
3.732901670035640995e-01 1.000000000000000000e+00 1.000000000000000000e+00
3.790755672282893340e-01 1.000000000000000000e+00 1.000000000000000000e+00
3.847549808174984265e-01 1.000000000000000000e+00 1.000000000000000000e+00
3.903335180265645743e-01 1.000000000000000000e+00 1.000000000000000000e+00
3.958158989361730273e-01 1.000000000000000000e+00 1.000000000000000000e+00
4.012064935920828801e-01 1.000000000000000000e+00 1.000000000000000000e+00
4.065093570100033471e-01 1.000000000000000000e+00 1.000000000000000000e+00
4.117282598241076008e-01 1.000000000000000000e+00 1.000000000000000000e+00
4.168667152222221839e-01 1.000000000000000000e+00 1.000000000000000000e+00
4.219280027016772960e-01 1.000000000000000000e+00 1.000000000000000000e+00
4.269151890915366954e-01 1.000000000000000000e+00 1.000000000000000000e+00
4.318311472150323516e-01 1.000000000000000000e+00 1.000000000000000000e+00
4.366785725072034885e-01 1.000000000000000000e+00 1.000000000000000000e+00
4.414599978543169434e-01 1.000000000000000000e+00 1.000000000000000000e+00
4.461778068815785425e-01 1.000000000000000000e+00 1.000000000000000000e+00
4.508342458824104448e-01 1.000000000000000000e+00 1.000000000000000000e+00
4.554314345547830212e-01 1.000000000000000000e+00 1.000000000000000000e+00
4.599713756868314962e-01 1.000000000000000000e+00 1.000000000000000000e+00
4.644559639144034136e-01 1.000000000000000000e+00 1.000000000000000000e+00
4.688869936566665841e-01 1.000000000000000000e+00 1.000000000000000000e+00
4.732661663218549752e-01 1.000000000000000000e+00 1.000000000000000000e+00
4.775950968633297378e-01 1.000000000000000000e+00 1.000000000000000000e+00
4.818753197559428325e-01 1.000000000000000000e+00 1.000000000000000000e+00
4.861082944539510398e-01 1.000000000000000000e+00 1.000000000000000000e+00
4.902954103842691036e-01 1.000000000000000000e+00 1.000000000000000000e+00
4.944379915223641730e-01 1.000000000000000000e+00 1.000000000000000000e+00
4.985373005925387013e-01 1.000000000000000000e+00 1.000000000000000000e+00
5.025945429294836897e-01 1.000000000000000000e+00 1.000000000000000000e+00
5.066108700338260995e-01 1.000000000000000000e+00 1.000000000000000000e+00
5.105873828506918288e-01 1.000000000000000000e+00 1.000000000000000000e+00
5.145251347971421252e-01 1.000000000000000000e+00 1.000000000000000000e+00
5.184251345615300544e-01 1.000000000000000000e+00 1.000000000000000000e+00
5.222883486953588950e-01 1.000000000000000000e+00 1.000000000000000000e+00
5.261157040160993059e-01 1.000000000000000000e+00 1.000000000000000000e+00
5.299080898374913806e-01 1.000000000000000000e+00 1.000000000000000000e+00
5.336663600421776010e-01 1.000000000000000000e+00 1.000000000000000000e+00
5.373913350100594233e-01 1.000000000000000000e+00 1.000000000000000000e+00
5.410838034144098696e-01 1.000000000000000000e+00 1.000000000000000000e+00
5.447445238966381886e-01 1.000000000000000000e+00 1.000000000000000000e+00
5.483742266295454915e-01 1.000000000000000000e+00 1.000000000000000000e+00
5.519736147779887858e-01 1.000000000000000000e+00 1.000000000000000000e+00
5.555433658650383855e-01 1.000000000000000000e+00 1.000000000000000000e+00
5.590841330509670470e-01 1.000000000000000000e+00 1.000000000000000000e+00
5.625965463317678106e-01 1.000000000000000000e+00 1.000000000000000000e+00
5.660812136632720204e-01 1.000000000000000000e+00 1.000000000000000000e+00
5.695387220164257469e-01 1.000000000000000000e+00 1.000000000000000000e+00
5.729696383687873373e-01 1.000000000000000000e+00 1.000000000000000000e+00
5.763745106368880489e-01 1.000000000000000000e+00 1.000000000000000000e+00
5.797538685536860470e-01 1.000000000000000000e+00 1.000000000000000000e+00
5.831082244950203108e-01 1.000000000000000000e+00 1.000000000000000000e+00
5.864380742586108308e-01 1.000000000000000000e+00 1.000000000000000000e+00
5.897438977988936903e-01 1.000000000000000000e+00 1.000000000000000000e+00
5.930261599207065082e-01 1.000000000000000000e+00 1.000000000000000000e+00
5.962853109345924718e-01 1.000000000000000000e+00 1.000000000000000000e+00
5.995217872762755862e-01 1.000000000000000000e+00 1.000000000000000000e+00
6.027360120926783527e-01 1.000000000000000000e+00 1.000000000000000000e+00
6.059283957966410394e-01 1.000000000000000000e+00 1.000000000000000000e+00
6.090993365923671465e-01 1.000000000000000000e+00 1.000000000000000000e+00
6.122492209734551327e-01 1.000000000000000000e+00 1.000000000000000000e+00
6.153784241952318101e-01 1.000000000000000000e+00 1.000000000000000000e+00
6.184873107229896805e-01 1.000000000000000000e+00 1.000000000000000000e+00
6.215762346576101383e-01 1.000000000000000000e+00 1.000000000000000000e+00
6.246455401399453322e-01 1.000000000000000000e+00 1.000000000000000000e+00
6.276955617352356631e-01 1.000000000000000000e+00 1.000000000000000000e+00
6.307266247987525221e-01 1.000000000000000000e+00 1.000000000000000000e+00
6.337390458237723845e-01 1.000000000000000000e+00 1.000000000000000000e+00
6.367331327729029988e-01 1.000000000000000000e+00 1.000000000000000000e+00
6.397091853937382222e-01 1.000000000000000000e+00 1.000000000000000000e+00
6.426674955197212435e-01 1.000000000000000000e+00 1.000000000000000000e+00
6.456083473570544129e-01 1.000000000000000000e+00 1.000000000000000000e+00
6.485320177584402712e-01 1.000000000000000000e+00 1.000000000000000000e+00
6.514387764843839745e-01 1.000000000000000000e+00 1.000000000000000000e+00
6.543288864527300186e-01 1.000000000000000000e+00 1.000000000000000000e+00
6.572026039770794137e-01 1.000000000000000000e+00 1.000000000000000000e+00
6.600601789946890507e-01 1.000000000000000000e+00 1.000000000000000000e+00
6.629018552844004875e-01 1.000000000000000000e+00 1.000000000000000000e+00
6.657278706751359465e-01 1.000000000000000000e+00 1.000000000000000000e+00
6.685384572454493579e-01 1.000000000000000000e+00 1.000000000000000000e+00
6.713338415145955196e-01 1.000000000000000000e+00 1.000000000000000000e+00
6.741142446255540266e-01 1.000000000000000000e+00 1.000000000000000000e+00
6.768798825204163094e-01 1.000000000000000000e+00 1.000000000000000000e+00
6.796309661085210285e-01 1.000000000000000000e+00 1.000000000000000000e+00
6.823677014276962050e-01 1.000000000000000000e+00 1.000000000000000000e+00
6.850902897989566975e-01 1.000000000000000000e+00 1.000000000000000000e+00
6.877989279749696649e-01 1.000000000000000000e+00 1.000000000000000000e+00
6.904938082825958778e-01 1.000000000000000000e+00 1.000000000000000000e+00
6.931751187597929853e-01 1.000000000000000000e+00 1.000000000000000000e+00
6.958430432871456350e-01 1.000000000000000000e+00 1.000000000000000000e+00
6.984977617142819062e-01 1.000000000000000000e+00 1.000000000000000000e+00
7.011394499814155301e-01 1.000000000000000000e+00 1.000000000000000000e+00
7.037682802362351664e-01 1.000000000000000000e+00 1.000000000000000000e+00
7.063844209463649992e-01 1.000000000000000000e+00 1.000000000000000000e+00
7.089880370075929417e-01 1.000000000000000000e+00 1.000000000000000000e+00
7.115792898480584050e-01 1.000000000000000000e+00 1.000000000000000000e+00
7.141583375285909252e-01 1.000000000000000000e+00 1.000000000000000000e+00
7.167253348393579637e-01 1.000000000000000000e+00 1.000000000000000000e+00
7.192804333929960769e-01 1.000000000000000000e+00 1.000000000000000000e+00
7.218237817143747792e-01 1.000000000000000000e+00 1.000000000000000000e+00
7.243555253271469763e-01 1.000000000000000000e+00 1.000000000000000000e+00
7.268758068372153103e-01 1.000000000000000000e+00 1.000000000000000000e+00
7.293847660132523059e-01 1.000000000000000000e+00 1.000000000000000000e+00
7.318825398644059899e-01 1.000000000000000000e+00 1.000000000000000000e+00
7.343692627152977881e-01 1.000000000000000000e+00 1.000000000000000000e+00
7.368450662784341576e-01 1.000000000000000000e+00 1.000000000000000000e+00
7.393100797241409783e-01 1.000000000000000000e+00 1.000000000000000000e+00
7.417644297481201798e-01 1.000000000000000000e+00 1.000000000000000000e+00
7.442082406367223069e-01 1.000000000000000000e+00 1.000000000000000000e+00
7.466416343300423808e-01 1.000000000000000000e+00 1.000000000000000000e+00
7.490647304829068931e-01 1.000000000000000000e+00 1.000000000000000000e+00
7.514776465238559577e-01 1.000000000000000000e+00 1.000000000000000000e+00
7.538804977121893458e-01 1.000000000000000000e+00 1.000000000000000000e+00
7.562733971931551169e-01 1.000000000000000000e+00 1.000000000000000000e+00
7.586564560513532340e-01 1.000000000000000000e+00 1.000000000000000000e+00
7.610297833624340980e-01 1.000000000000000000e+00 1.000000000000000000e+00
7.633934862431395185e-01 1.000000000000000000e+00 1.000000000000000000e+00
7.657476698997659481e-01 1.000000000000000000e+00 1.000000000000000000e+00
7.680924376751031568e-01 1.000000000000000000e+00 1.000000000000000000e+00
7.704278910939077463e-01 1.000000000000000000e+00 1.000000000000000000e+00
7.727541299069695668e-01 1.000000000000000000e+00 1.000000000000000000e+00
7.750712521338148919e-01 1.000000000000000000e+00 1.000000000000000000e+00
7.773793541041117416e-01 1.000000000000000000e+00 1.000000000000000000e+00
7.796785304978094411e-01 1.000000000000000000e+00 1.000000000000000000e+00
7.819688743840699230e-01 1.000000000000000000e+00 1.000000000000000000e+00
7.842504772590351836e-01 1.000000000000000000e+00 1.000000000000000000e+00
7.865234290824629770e-01 1.000000000000000000e+00 1.000000000000000000e+00
7.887878183132802645e-01 1.000000000000000000e+00 1.000000000000000000e+00
7.910437319440944970e-01 1.000000000000000000e+00 1.000000000000000000e+00
7.932912555346920414e-01 1.000000000000000000e+00 1.000000000000000000e+00
7.955304732445668270e-01 1.000000000000000000e+00 1.000000000000000000e+00
7.977614678645088553e-01 1.000000000000000000e+00 1.000000000000000000e+00
7.999843208472853240e-01 1.000000000000000000e+00 1.000000000000000000e+00
8.021991123374516697e-01 1.000000000000000000e+00 1.000000000000000000e+00
8.044059212003175086e-01 1.000000000000000000e+00 1.000000000000000000e+00
8.066048250500922334e-01 1.000000000000000000e+00 1.000000000000000000e+00
8.087959002772485695e-01 1.000000000000000000e+00 1.000000000000000000e+00
8.109792220751256275e-01 1.000000000000000000e+00 1.000000000000000000e+00
8.131548644657913272e-01 1.000000000000000000e+00 1.000000000000000000e+00
8.153229003252013829e-01 1.000000000000000000e+00 1.000000000000000000e+00
8.174834014076658439e-01 1.000000000000000000e+00 1.000000000000000000e+00
8.196364383696531641e-01 1.000000000000000000e+00 1.000000000000000000e+00
8.217820807929531179e-01 1.000000000000000000e+00 1.000000000000000000e+00
8.239203972072166593e-01 1.000000000000000000e+00 1.000000000000000000e+00
8.260514551118964821e-01 1.000000000000000000e+00 1.000000000000000000e+00
8.281753209976034924e-01 1.000000000000000000e+00 1.000000000000000000e+00
8.302920603669002864e-01 1.000000000000000000e+00 1.000000000000000000e+00
8.324017377545542828e-01 1.000000000000000000e+00 1.000000000000000000e+00
8.345044167472543961e-01 1.000000000000000000e+00 1.000000000000000000e+00
8.366001600028257768e-01 1.000000000000000000e+00 1.000000000000000000e+00
8.386890292689426207e-01 1.000000000000000000e+00 1.000000000000000000e+00
8.407710854013644708e-01 1.000000000000000000e+00 1.000000000000000000e+00
8.428463883817088886e-01 1.000000000000000000e+00 1.000000000000000000e+00
8.449149973347692688e-01 1.000000000000000000e+00 1.000000000000000000e+00
8.469769705454015529e-01 1.000000000000000000e+00 1.000000000000000000e+00
8.490323654749829529e-01 1.000000000000000000e+00 1.000000000000000000e+00
8.510812387774637777e-01 1.000000000000000000e+00 1.000000000000000000e+00
8.531236463150196903e-01 1.000000000000000000e+00 1.000000000000000000e+00
8.551596431733173853e-01 1.000000000000000000e+00 1.000000000000000000e+00
8.571892836764084533e-01 1.000000000000000000e+00 1.000000000000000000e+00
8.592126214012545393e-01 1.000000000000000000e+00 1.000000000000000000e+00
8.612297091919078884e-01 1.000000000000000000e+00 1.000000000000000000e+00
8.632405991733408390e-01 1.000000000000000000e+00 1.000000000000000000e+00
8.652453427649493545e-01 1.000000000000000000e+00 1.000000000000000000e+00
8.672439906937339238e-01 1.000000000000000000e+00 1.000000000000000000e+00
8.692365930071601632e-01 1.000000000000000000e+00 1.000000000000000000e+00
8.712231990857252084e-01 1.000000000000000000e+00 1.000000000000000000e+00
8.732038576552211273e-01 1.000000000000000000e+00 1.000000000000000000e+00
8.751786167987158915e-01 1.000000000000000000e+00 1.000000000000000000e+00
8.771475239682501313e-01 1.000000000000000000e+00 1.000000000000000000e+00
8.791106259962704339e-01 1.000000000000000000e+00 1.000000000000000000e+00
8.810679691067914154e-01 1.000000000000000000e+00 1.000000000000000000e+00
8.830195989263062151e-01 1.000000000000000000e+00 1.000000000000000000e+00
8.849655604944481890e-01 1.000000000000000000e+00 1.000000000000000000e+00
8.869058982744092434e-01 1.000000000000000000e+00 1.000000000000000000e+00
8.888406561631202463e-01 1.000000000000000000e+00 1.000000000000000000e+00
8.907698775012078407e-01 1.000000000000000000e+00 1.000000000000000000e+00
8.926936050827263269e-01 1.000000000000000000e+00 1.000000000000000000e+00
8.946118811646686098e-01 1.000000000000000000e+00 1.000000000000000000e+00
8.965247474762749746e-01 1.000000000000000000e+00 1.000000000000000000e+00
8.984322452281278126e-01 1.000000000000000000e+00 1.000000000000000000e+00
9.003344151210536106e-01 1.000000000000000000e+00 1.000000000000000000e+00
9.022312973548244353e-01 1.000000000000000000e+00 1.000000000000000000e+00
9.041229316366756752e-01 1.000000000000000000e+00 1.000000000000000000e+00
9.060093571896382647e-01 1.000000000000000000e+00 1.000000000000000000e+00
9.078906127606863885e-01 1.000000000000000000e+00 1.000000000000000000e+00
9.097667366287192081e-01 1.000000000000000000e+00 1.000000000000000000e+00
9.116377666123647305e-01 1.000000000000000000e+00 1.000000000000000000e+00
9.135037400776214733e-01 1.000000000000000000e+00 1.000000000000000000e+00
9.153646939453391473e-01 1.000000000000000000e+00 1.000000000000000000e+00
9.172206646985398004e-01 1.000000000000000000e+00 1.000000000000000000e+00
9.190716883895870826e-01 1.000000000000000000e+00 1.000000000000000000e+00
9.200125248682216039e-01 1.000000000000000000e+00 1.000000000000000000e+00
9.200468608607180743e-01 1.000000000000000000e+00 1.000000000000000000e+00
9.200811951605128991e-01 1.000000000000000000e+00 1.000000000000000000e+00
9.201155277678330080e-01 1.000000000000000000e+00 1.000000000000000000e+00
9.201498586829046644e-01 1.000000000000000000e+00 1.000000000000000000e+00
9.201841879059541318e-01 1.000000000000000000e+00 1.000000000000000000e+00
9.202185154372080067e-01 1.000000000000000000e+00 1.000000000000000000e+00
9.202528412768919974e-01 1.000000000000000000e+00 1.000000000000000000e+00
9.202871654252334777e-01 1.000000000000000000e+00 1.000000000000000000e+00
9.203214878824573786e-01 1.000000000000000000e+00 1.000000000000000000e+00
9.203558086487905188e-01 1.000000000000000000e+00 1.000000000000000000e+00
9.203901277244584955e-01 1.000000000000000000e+00 1.000000000000000000e+00
9.204244451096882385e-01 1.000000000000000000e+00 1.000000000000000000e+00
9.204587608047051228e-01 1.000000000000000000e+00 1.000000000000000000e+00
9.204930748097343018e-01 1.000000000000000000e+00 1.000000000000000000e+00
9.205273871250035933e-01 1.000000000000000000e+00 1.000000000000000000e+00
9.205616977507371512e-01 1.000000000000000000e+00 1.000000000000000000e+00
9.205960066871609060e-01 1.000000000000000000e+00 1.000000000000000000e+00
9.206303139345020092e-01 1.000000000000000000e+00 1.000000000000000000e+00
9.206646194929846150e-01 1.000000000000000000e+00 1.000000000000000000e+00
9.206989233628349867e-01 1.000000000000000000e+00 1.000000000000000000e+00
9.207332255442784996e-01 1.000000000000000000e+00 1.000000000000000000e+00
9.207675260375410842e-01 1.000000000000000000e+00 1.000000000000000000e+00
9.208018248428481156e-01 1.000000000000000000e+00 1.000000000000000000e+00
9.208361219604247472e-01 1.000000000000000000e+00 1.000000000000000000e+00
9.208704173904965762e-01 1.000000000000000000e+00 1.000000000000000000e+00
9.209047111332890889e-01 1.000000000000000000e+00 1.000000000000000000e+00
9.209390031890271056e-01 1.000000000000000000e+00 1.000000000000000000e+00
9.209732935579360014e-01 1.000000000000000000e+00 1.000000000000000000e+00
9.210075822402420398e-01 1.000000000000000000e+00 1.000000000000000000e+00
9.210418692361688198e-01 1.000000000000000000e+00 1.000000000000000000e+00
9.210761545459424937e-01 1.000000000000000000e+00 1.000000000000000000e+00
9.211104381697878818e-01 1.000000000000000000e+00 1.000000000000000000e+00
9.211447201079290270e-01 1.000000000000000000e+00 1.000000000000000000e+00
9.211790003605925259e-01 1.000000000000000000e+00 1.000000000000000000e+00
9.212132789280019773e-01 1.000000000000000000e+00 1.000000000000000000e+00
9.212475558103829787e-01 1.000000000000000000e+00 1.000000000000000000e+00
9.212818310079602391e-01 1.000000000000000000e+00 1.000000000000000000e+00
9.213161045209580235e-01 1.000000000000000000e+00 1.000000000000000000e+00
9.213503763496014853e-01 1.000000000000000000e+00 1.000000000000000000e+00
9.213846464941152226e-01 1.000000000000000000e+00 1.000000000000000000e+00
9.214189149547238333e-01 1.000000000000000000e+00 1.000000000000000000e+00
9.214531817316519158e-01 1.000000000000000000e+00 1.000000000000000000e+00
9.214874468251235129e-01 1.000000000000000000e+00 1.000000000000000000e+00
9.215217102353641110e-01 1.000000000000000000e+00 1.000000000000000000e+00
9.215559719625969759e-01 1.000000000000000000e+00 1.000000000000000000e+00
9.215902320070472609e-01 1.000000000000000000e+00 1.000000000000000000e+00
9.216244903689392309e-01 1.000000000000000000e+00 1.000000000000000000e+00
9.216587470484968181e-01 1.000000000000000000e+00 1.000000000000000000e+00
9.216930020459441764e-01 1.000000000000000000e+00 1.000000000000000000e+00
9.217272553615057928e-01 1.000000000000000000e+00 1.000000000000000000e+00
9.217615069954061546e-01 1.000000000000000000e+00 1.000000000000000000e+00
9.217957569478680835e-01 1.000000000000000000e+00 1.000000000000000000e+00
9.218300052191171767e-01 1.000000000000000000e+00 1.000000000000000000e+00
9.218642518093757010e-01 1.000000000000000000e+00 1.000000000000000000e+00
9.218984967188690316e-01 1.000000000000000000e+00 1.000000000000000000e+00
9.219327399478207674e-01 1.000000000000000000e+00 1.000000000000000000e+00
9.219669814964541743e-01 1.000000000000000000e+00 1.000000000000000000e+00
9.220012213649936283e-01 1.000000000000000000e+00 1.000000000000000000e+00
9.220354595536621733e-01 1.000000000000000000e+00 1.000000000000000000e+00
9.220696960626846295e-01 1.000000000000000000e+00 1.000000000000000000e+00
9.221039308922834854e-01 1.000000000000000000e+00 1.000000000000000000e+00
9.221381640426826731e-01 1.000000000000000000e+00 1.000000000000000000e+00
9.221723955141060136e-01 1.000000000000000000e+00 1.000000000000000000e+00
9.222066253067765507e-01 1.000000000000000000e+00 1.000000000000000000e+00
9.222408534209184383e-01 1.000000000000000000e+00 1.000000000000000000e+00
9.222750798567541652e-01 1.000000000000000000e+00 1.000000000000000000e+00
9.223093046145077745e-01 1.000000000000000000e+00 1.000000000000000000e+00
9.223435276944020877e-01 1.000000000000000000e+00 1.000000000000000000e+00
9.223777490966608150e-01 1.000000000000000000e+00 9.994842027999931711e-01
9.224119688215070001e-01 1.000000000000000000e+00 9.971347314440378584e-01
9.224461868691634647e-01 1.000000000000000000e+00 9.947778919404456355e-01
9.224804032398541409e-01 1.000000000000000000e+00 9.924136212305653126e-01
9.225146179338011843e-01 1.000000000000000000e+00 9.900418553704392055e-01
9.225488309512278606e-01 1.000000000000000000e+00 9.876625295134638938e-01
9.225830422923571028e-01 1.000000000000000000e+00 9.852755778926244323e-01
9.226172519574121766e-01 1.000000000000000000e+00 9.828809338022684861e-01
9.226514599466155708e-01 1.000000000000000000e+00 9.804785295794232747e-01
9.226856662601902181e-01 1.000000000000000000e+00 9.780682965846315691e-01
9.227198708983589404e-01 1.000000000000000000e+00 9.756501651822927501e-01
9.227540738613442262e-01 1.000000000000000000e+00 9.732240647205009365e-01
9.227882751493686753e-01 1.000000000000000000e+00 9.707899235103486513e-01
9.228224747626558866e-01 1.000000000000000000e+00 9.683476688046955827e-01
9.228566727014274607e-01 1.000000000000000000e+00 9.658972267763780151e-01
9.228908689659059972e-01 1.000000000000000000e+00 9.634385224958351701e-01
9.229250635563140959e-01 1.000000000000000000e+00 9.609714799081473524e-01
9.229592564728745785e-01 1.000000000000000000e+00 9.584960218094508155e-01
9.229934477158089345e-01 1.000000000000000000e+00 9.560120698227229097e-01
9.230276372853400968e-01 1.000000000000000000e+00 9.535195443729068687e-01
9.230618251816907760e-01 1.000000000000000000e+00 9.510183646613593611e-01
9.230960114050820176e-01 1.000000000000000000e+00 9.485084486395974901e-01
9.231301959557371983e-01 1.000000000000000000e+00 9.459897129823192641e-01
9.231643788338778078e-01 1.000000000000000000e+00 9.434620730596751104e-01
9.231985600397257796e-01 1.000000000000000000e+00 9.409254429087652305e-01
9.232327395735037134e-01 1.000000000000000000e+00 9.383797352043355966e-01
9.232669174354335428e-01 1.000000000000000000e+00 9.358248612286440560e-01
9.233010936257368684e-01 1.000000000000000000e+00 9.332607308404681223e-01
9.233352681446360677e-01 1.000000000000000000e+00 9.306872524432272531e-01
9.233694409923518531e-01 1.000000000000000000e+00 9.281043329521835306e-01
9.234036121691079346e-01 1.000000000000000000e+00 9.255118777606926583e-01
9.234377816751236923e-01 1.000000000000000000e+00 9.229097907054700789e-01
9.234719495106229470e-01 1.000000000000000000e+00 9.202979740308344647e-01
9.235061156758264111e-01 1.000000000000000000e+00 9.176763283518958314e-01
9.235402801709560183e-01 1.000000000000000000e+00 9.150447526166477497e-01
9.235744429962325919e-01 1.000000000000000000e+00 9.124031440669231330e-01
9.236086041518781764e-01 1.000000000000000000e+00 9.097513981981742992e-01
9.236427636381143724e-01 1.000000000000000000e+00 9.070894087180305654e-01
9.236769214551627805e-01 1.000000000000000000e+00 9.044170675035899665e-01
9.237110776032440018e-01 1.000000000000000000e+00 9.017342645573989124e-01
9.237452320825797480e-01 1.000000000000000000e+00 8.990408879620666038e-01
9.237793848933919527e-01 1.000000000000000000e+00 8.963368238334648019e-01
9.238135360359002179e-01 1.000000000000000000e+00 8.936219562724592169e-01
9.238476855103275875e-01 1.000000000000000000e+00 8.908961673151146732e-01
9.238818333168938857e-01 1.000000000000000000e+00 8.881593368813152090e-01
9.239159794558211569e-01 1.000000000000000000e+00 8.854113427217392696e-01
9.239501239273294475e-01 1.000000000000000000e+00 8.826520603631191619e-01
9.239842667316399138e-01 1.000000000000000000e+00 8.798813630517262618e-01
9.240184078689748226e-01 1.000000000000000000e+00 8.770991216950023706e-01
9.240525473395534428e-01 1.000000000000000000e+00 8.743052048012686095e-01
9.240866851435971530e-01 1.000000000000000000e+00 8.714994784174305842e-01
9.241208212813267764e-01 1.000000000000000000e+00 8.686818060646009920e-01
9.241549557529634695e-01 1.000000000000000000e+00 8.658520486715500786e-01
9.241890885587270565e-01 1.000000000000000000e+00 8.630100645059000097e-01
9.242232196988391379e-01 1.000000000000000000e+00 8.601557091029636837e-01
9.242573491735199820e-01 1.000000000000000000e+00 8.572888351921331695e-01
9.242914769829897459e-01 1.000000000000000000e+00 8.544092926207081939e-01
9.243256031274689200e-01 1.000000000000000000e+00 8.515169282750649771e-01
9.243597276071791047e-01 1.000000000000000000e+00 8.486115859990428500e-01
9.243938504223390140e-01 1.000000000000000000e+00 8.456931065094304145e-01
9.244279715731706926e-01 1.000000000000000000e+00 8.427613273084290091e-01
9.244620910598930763e-01 1.000000000000000000e+00 8.398160825929527062e-01
9.244962088827273217e-01 1.000000000000000000e+00 8.368572031606329453e-01
9.245303250418935859e-01 1.000000000000000000e+00 8.338845163123737025e-01
9.245644395376110269e-01 1.000000000000000000e+00 8.308978457513077620e-01
9.245985523701012454e-01 1.000000000000000000e+00 8.278970114779863332e-01
9.246326635395835103e-01 1.000000000000000000e+00 8.248818296816300411e-01
9.246667730462780899e-01 1.000000000000000000e+00 8.218521126272633204e-01
9.247008808904043642e-01 1.000000000000000000e+00 8.188076685385360376e-01
9.247349870721834897e-01 1.000000000000000000e+00 8.157483014760332773e-01
9.247690915918341803e-01 1.000000000000000000e+00 8.126738112108584655e-01
9.248031944495768153e-01 1.000000000000000000e+00 8.095839930932620110e-01
9.248372956456309968e-01 1.000000000000000000e+00 8.064786379160832075e-01
9.248713951802168820e-01 1.000000000000000000e+00 8.033575317727470466e-01
9.249054930535539620e-01 1.000000000000000000e+00 8.002204559095520420e-01
9.249395892658615059e-01 1.000000000000000000e+00 7.970671865719697324e-01
9.249736838173596709e-01 1.000000000000000000e+00 7.938974948446491098e-01
9.250077767082675040e-01 1.000000000000000000e+00 7.907111464848197713e-01
9.250418679388046073e-01 1.000000000000000000e+00 7.875079017487515154e-01
9.250759575091911380e-01 1.000000000000000000e+00 7.842875152109164416e-01
9.251100454196458100e-01 1.000000000000000000e+00 7.810497355754794091e-01
9.251441316703883366e-01 1.000000000000000000e+00 7.777943054797087363e-01
9.251782162616375427e-01 1.000000000000000000e+00 7.745209612888918072e-01
9.252122991936131413e-01 1.000000000000000000e+00 7.712294328822961731e-01
9.252463804665347347e-01 1.000000000000000000e+00 7.679194434296987559e-01
9.252804600806207036e-01 1.000000000000000000e+00 7.645907091579708936e-01
9.253145380360903172e-01 1.000000000000000000e+00 7.612429391071744433e-01
9.253486143331632885e-01 1.000000000000000000e+00 7.578758348755906260e-01
9.253826889720579985e-01 1.000000000000000000e+00 7.544890903530634407e-01
9.254167619529936051e-01 1.000000000000000000e+00 7.510823914419957337e-01
9.254508332761890443e-01 1.000000000000000000e+00 7.476554157653002575e-01
9.254849029418636963e-01 1.000000000000000000e+00 7.442078323605469947e-01
9.255189709502359419e-01 1.000000000000000000e+00 7.407393013595124920e-01
9.255530373015242729e-01 1.000000000000000000e+00 7.372494736522660075e-01
9.255871019959481805e-01 1.000000000000000000e+00 7.337379905348786480e-01
9.256211650337259345e-01 1.000000000000000000e+00 7.302044833397702828e-01
9.256552264150764708e-01 1.000000000000000000e+00 7.266485730476400784e-01
9.256892861402179484e-01 1.000000000000000000e+00 7.230698698798527779e-01
9.257233442093694142e-01 1.000000000000000000e+00 7.194679728700665855e-01
9.257574006227490271e-01 1.000000000000000000e+00 7.158424694138000310e-01
9.257914553805752789e-01 1.000000000000000000e+00 7.121929347945414879e-01
9.258255084830667725e-01 1.000000000000000000e+00 7.085189316848885532e-01
9.258595599304422219e-01 1.000000000000000000e+00 7.048200096211050258e-01
9.258936097229193418e-01 1.000000000000000000e+00 7.010957044493451029e-01
9.259276578607164021e-01 1.000000000000000000e+00 6.973455377416584167e-01
9.259617043440522277e-01 1.000000000000000000e+00 6.935690161797513076e-01
9.259957491731450885e-01 1.000000000000000000e+00 6.897656309042972111e-01
9.260297923482122551e-01 1.000000000000000000e+00 6.859348568274351576e-01
9.260638338694721083e-01 1.000000000000000000e+00 6.820761519058744504e-01
9.260978737371432512e-01 1.000000000000000000e+00 6.781889563718318525e-01
9.261319119514430653e-01 1.000000000000000000e+00 6.742726919187715939e-01
9.261659485125895985e-01 1.000000000000000000e+00 6.703267608386836995e-01
9.261999834208015647e-01 1.000000000000000000e+00 6.663505451073294950e-01
9.262340166762956795e-01 1.000000000000000000e+00 6.623434054135859395e-01
9.262680482792903236e-01 1.000000000000000000e+00 6.583046801286712713e-01
9.263020782300035449e-01 1.000000000000000000e+00 6.542336842106486472e-01
9.263361065286522811e-01 1.000000000000000000e+00 6.501297080391958971e-01
9.263701331754552459e-01 1.000000000000000000e+00 6.459920161751512291e-01
9.264041581706288220e-01 1.000000000000000000e+00 6.418198460388382376e-01
9.264381815143921672e-01 1.000000000000000000e+00 6.376124065005979169e-01
9.264722032069614421e-01 1.000000000000000000e+00 6.333688763763128948e-01
9.265062232485542504e-01 1.000000000000000000e+00 6.290884028200156575e-01
9.265402416393888618e-01 1.000000000000000000e+00 6.247700996048656252e-01
9.265742583796817700e-01 1.000000000000000000e+00 6.204130452829131892e-01
9.266082734696515777e-01 1.000000000000000000e+00 6.160162812130669518e-01
9.266422869095136683e-01 1.000000000000000000e+00 6.115788094455893997e-01
9.266762986994869777e-01 1.000000000000000000e+00 6.070995904501997886e-01
9.267103088397884436e-01 1.000000000000000000e+00 6.025775406734635853e-01
9.267443173306344484e-01 1.000000000000000000e+00 5.980115299095868364e-01
9.267783241722428178e-01 1.000000000000000000e+00 5.934003784669557025e-01
9.268123293648304895e-01 1.000000000000000000e+00 5.887428541107483371e-01
9.268463329086142899e-01 1.000000000000000000e+00 5.840376687596972038e-01
9.268803348038107126e-01 1.000000000000000000e+00 5.792834749124751159e-01
9.269143350506381385e-01 1.000000000000000000e+00 5.744788617762612848e-01
9.269483336493122838e-01 1.000000000000000000e+00 5.696223510666893475e-01
9.269823306000499752e-01 1.000000000000000000e+00 5.647123924445521803e-01
9.270163259030684832e-01 1.000000000000000000e+00 5.597473585502621418e-01
9.270503195585844125e-01 1.000000000000000000e+00 5.547255395920183130e-01
9.270843115668144785e-01 1.000000000000000000e+00 5.496451374378429344e-01
9.271183019279752857e-01 1.000000000000000000e+00 5.445042591549440480e-01
9.271522906422831056e-01 1.000000000000000000e+00 5.393009099321037780e-01
9.271862777099554309e-01 1.000000000000000000e+00 5.340329853117951053e-01
9.272202631312076448e-01 1.000000000000000000e+00 5.286982626482242820e-01
9.272542469062565740e-01 1.000000000000000000e+00 5.232943916952363939e-01
9.272882290353190449e-01 1.000000000000000000e+00 5.178188842136520753e-01
9.273222095186114400e-01 1.000000000000000000e+00 5.122691024706781393e-01
9.273561883563495867e-01 1.000000000000000000e+00 5.066422464840834028e-01
9.273901655487494233e-01 1.000000000000000000e+00 5.009353398401549251e-01
9.274241410960286647e-01 1.000000000000000000e+00 4.951452138863078889e-01
9.274581149984022499e-01 1.000000000000000000e+00 4.892684900655984159e-01
9.274920872560866725e-01 1.000000000000000000e+00 4.833015601200390532e-01
9.275260578692977598e-01 1.000000000000000000e+00 4.772405638410266993e-01
9.275600268382522273e-01 1.000000000000000000e+00 4.710813639863187796e-01
9.275939941631652363e-01 1.000000000000000000e+00 4.648195179113887021e-01
9.276279598442533914e-01 1.000000000000000000e+00 4.584502453754047413e-01
9.276619238817327417e-01 1.000000000000000000e+00 4.519683918743178652e-01
9.276958862758182267e-01 1.000000000000000000e+00 4.453683867202938296e-01
9.277298470267260067e-01 1.000000000000000000e+00 4.386441949207820490e-01
9.277638061346723530e-01 1.000000000000000000e+00 4.317892617026567459e-01
9.277977635998728712e-01 1.000000000000000000e+00 4.247964482645718021e-01
9.278317194225432774e-01 1.000000000000000000e+00 4.176579570072862513e-01
9.278656736028981777e-01 1.000000000000000000e+00 4.103652440646345934e-01
9.278996261411543989e-01 1.000000000000000000e+00 4.029089164059902473e-01
9.279335770375274350e-01 1.000000000000000000e+00 3.952786100617187159e-01
9.279675262922318923e-01 1.000000000000000000e+00 3.874628450761752885e-01
9.280014739054840422e-01 1.000000000000000000e+00 3.794488515332172796e-01
9.280354198774987129e-01 1.000000000000000000e+00 3.712223593048540327e-01
9.280693642084913986e-01 1.000000000000000000e+00 3.627673418664253968e-01
9.281033068986777046e-01 1.000000000000000000e+00 3.540657013381576790e-01
9.281372479482724591e-01 1.000000000000000000e+00 3.450968774562230279e-01
9.281711873574911564e-01 1.000000000000000000e+00 3.358373568380750851e-01
9.282051251265497349e-01 1.000000000000000000e+00 3.262600497340412131e-01
9.282390612556614684e-01 1.000000000000000000e+00 3.163334879248808074e-01
9.282729957450429614e-01 1.000000000000000000e+00 3.060207770298599694e-01
9.283069285949087091e-01 1.000000000000000000e+00 2.952782050075747344e-01
9.283408598054735394e-01 1.000000000000000000e+00 2.840533587084592693e-01
9.283747893769530579e-01 1.000000000000000000e+00 2.722825187128481428e-01
9.284087173095612044e-01 1.000000000000000000e+00 2.598869644697764936e-01
9.284426436035135843e-01 1.000000000000000000e+00 2.467675779999758401e-01
9.284765682590243596e-01 1.000000000000000000e+00 2.327966835817450453e-01
9.285104912763089136e-01 1.000000000000000000e+00 2.178051782133218484e-01
9.286561421166646957e-01 1.000000000000000000e+00 2.136087230832611761e-01
9.288389942592958359e-01 1.000000000000000000e+00 2.132564887656034358e-01
9.290217988365294666e-01 1.000000000000000000e+00 2.129036057526789705e-01
9.292045558819345130e-01 1.000000000000000000e+00 2.125500707915244925e-01
9.293872654290421531e-01 1.000000000000000000e+00 2.121958806024767941e-01
9.295699275113443738e-01 1.000000000000000000e+00 2.118410318788691571e-01
9.297525421622945263e-01 1.000000000000000000e+00 2.114855212867198242e-01
9.299351094153091024e-01 9.986814445614206059e-01 2.111293454644202483e-01
9.301176293037636267e-01 9.968731932405791030e-01 2.107725010224142936e-01
9.303001018609972084e-01 9.950605794785286617e-01 2.104149845428773258e-01
9.304825271203100989e-01 9.932435745901485591e-01 2.100567925793857538e-01
9.306649051149645802e-01 9.914221495812877150e-01 2.096979216565857396e-01
9.308472358781841871e-01 9.895962751441290672e-01 2.093383682698546355e-01
9.310295194431549293e-01 9.877659216524615760e-01 2.089781288849577590e-01
9.312117558430241804e-01 9.859310591568620774e-01 2.086171999377001152e-01
9.313939451109030099e-01 9.840916573797838796e-01 2.082555778335740126e-01
9.315760872798617420e-01 9.822476857105489900e-01 2.078932589473982961e-01
9.317581823829356180e-01 9.803991132002424225e-01 2.075302396229566360e-01
9.319402304531200221e-01 9.785459085565054727e-01 2.071665161726252702e-01
9.321222315233748112e-01 9.766880401382252996e-01 2.068020848769993036e-01
9.323041856266196525e-01 9.748254759501232547e-01 2.064369419845101250e-01
9.324860927957383527e-01 9.729581836372279691e-01 2.060710837110397708e-01
9.326679530635765270e-01 9.710861304792454129e-01 2.057045062395270185e-01
9.328497664629427089e-01 9.692092833848097166e-01 2.053372057195678169e-01
9.330315330266072404e-01 9.673276088856216370e-01 2.049691782670111095e-01
9.332132527873046035e-01 9.654410731304657878e-01 2.046004199635457765e-01
9.333949257777295339e-01 9.635496418791075213e-01 2.042309268562841895e-01
9.335765520305421283e-01 9.616532804960634673e-01 2.038606949573353311e-01
9.337581315783631819e-01 9.597519539442441738e-01 2.034897202433758601e-01
9.339396644537780734e-01 9.578456267784666300e-01 2.031179986552095751e-01
9.341211506893337679e-01 9.559342631388300093e-01 2.027455260973241580e-01
9.343025903175410374e-01 9.540178267439548554e-01 2.023722984374373701e-01
9.344839833708733501e-01 9.520962808840812697e-01 2.019983115060389744e-01
9.346653298817672040e-01 9.501695884140192172e-01 2.016235610959223323e-01
9.348466298826225707e-01 9.482377117459518390e-01 2.012480429617115596e-01
9.350278834058024513e-01 9.463006128420855534e-01 2.008717528193783575e-01
9.352090904836327656e-01 9.443582532071437274e-01 2.004946863457526263e-01
9.353902511484035731e-01 9.424105938806982552e-01 2.001168391780246969e-01
9.355713654323676298e-01 9.404575954293363793e-01 1.997382069132391247e-01
9.357524333677419426e-01 9.384992179386592026e-01 1.993587851077806561e-01
9.359334549867052155e-01 9.365354210051040074e-01 1.989785692768515357e-01
9.361144303214022910e-01 9.345661637275900491e-01 1.985975548939397650e-01
9.362953594039394867e-01 9.325914046989800532e-01 1.982157373902799224e-01
9.364762422663881480e-01 9.306111019973526410e-01 1.978331121543027704e-01
9.366570789407822062e-01 9.286252131770834639e-01 1.974496745310781454e-01
9.368378694591211753e-01 9.266336952597237220e-01 1.970654198217468567e-01
9.370186138533653786e-01 9.246365047246807300e-01 1.966803432829431486e-01
9.371993121554426098e-01 9.226335974996822120e-01 1.962944401262088912e-01
9.373799643972420270e-01 9.206249289510292089e-01 1.959077055173956694e-01
9.375605706106179271e-01 9.186104538736273861e-01 1.955201345760582687e-01
9.377411308273883028e-01 9.165901264807884141e-01 1.951317223748376684e-01
9.379216450793362858e-01 9.145639003937994227e-01 1.947424639388323775e-01
9.381021133982065940e-01 9.125317286312529808e-01 1.943523542449606678e-01
9.382825358157119711e-01 9.104935635981252773e-01 1.939613882213105656e-01
9.384629123635256365e-01 9.084493570746059454e-01 1.935695607464783530e-01
9.386432430732879473e-01 9.063990602046612111e-01 1.931768666488970498e-01
9.388235279766022900e-01 9.043426234843322531e-01 1.927833007061516835e-01
9.390037671050369683e-01 9.022799967497520113e-01 1.923888576442835396e-01
9.391839604901246474e-01 9.002111291648823288e-01 1.919935321370813408e-01
9.393641081633626877e-01 8.981359692089539992e-01 1.915973188053604892e-01
9.395442101562131443e-01 8.960544646636069421e-01 1.912002122162302087e-01
9.397242665001027673e-01 8.939665625997200715e-01 1.908022068823464479e-01
9.399042772264223355e-01 8.918722093639201987e-01 1.904032972611503227e-01
9.400842423665284331e-01 8.897713505647619758e-01 1.900034777540970943e-01
9.402641619517423388e-01 8.876639310585701104e-01 1.896027427058671055e-01
9.404440360133493604e-01 8.855498949349304150e-01 1.892010864035639783e-01
9.406238645826004996e-01 8.834291855018223671e-01 1.887985030758992655e-01
9.408036476907121193e-01 8.813017452703798549e-01 1.883949868923598114e-01
9.409833853688650551e-01 8.791675159392708938e-01 1.879905319623630389e-01
9.411630776482042826e-01 8.770264383786832152e-01 1.875851323343938060e-01
9.413427245598426918e-01 8.748784526139016249e-01 1.871787819951270804e-01
9.415223261348556472e-01 8.727234978084723593e-01 1.867714748685337101e-01
9.417018824042852065e-01 8.705615122469284595e-01 1.863632048149704290e-01
9.418813933991385667e-01 8.683924333170761622e-01 1.859539656302515997e-01
9.420608591503883966e-01 8.662161974918178853e-01 1.855437510447045524e-01
9.422402796889722820e-01 8.640327403105039217e-01 1.851325547222061330e-01
9.424196550457936139e-01 8.618419963597940825e-01 1.847203702592030150e-01
9.425989852517216994e-01 8.596438992540131885e-01 1.843071911837118604e-01
9.427782703375907625e-01 8.574383816149890869e-01 1.838930109542994407e-01
9.429575103342013875e-01 8.552253750513491015e-01 1.834778229590460497e-01
9.431367052723196309e-01 8.530048101372620373e-01 1.830616205144873221e-01
9.433158551826764660e-01 8.507766163906091972e-01 1.826443968645350413e-01
9.434949600959701144e-01 8.485407222505565450e-01 1.822261451793799614e-01
9.436740200428637149e-01 8.462970550545204640e-01 1.818068585543677340e-01
9.438530350539868774e-01 8.440455410144974691e-01 1.813865300088597643e-01
9.440320051599343509e-01 8.417861051927389981e-01 1.809651524850669213e-01
9.442109303912681328e-01 8.395186714767516323e-01 1.805427188468619049e-01
9.443898107785153595e-01 8.372431625535964317e-01 1.801192218785673538e-01
9.445686463521689724e-01 8.349594998834650728e-01 1.796946542837211946e-01
9.447474371426896056e-01 8.326676036725073615e-01 1.792690086838169550e-01
9.449261831805028100e-01 8.303673928448833674e-01 1.788422776170169870e-01
9.451048844960009410e-01 8.280587850140174178e-01 1.784144535368429041e-01
9.452835411195422699e-01 8.257416964530163161e-01 1.779855288108371236e-01
9.454621530814520947e-01 8.234160420642329115e-01 1.775554957191987637e-01
9.456407204120217402e-01 8.210817353479407110e-01 1.771243464533894807e-01
9.458192431415090029e-01 8.187386883700817908e-01 1.766920731147144652e-01
9.459977213001385943e-01 8.163868117290653537e-01 1.762586677128702983e-01
9.461761549181012532e-01 8.140260145215726384e-01 1.758241221644656349e-01
9.463545440255548558e-01 8.116562043073392019e-01 1.753884282915087189e-01
9.465328886526237495e-01 8.092772870728701662e-01 1.749515778198672267e-01
9.467111888293989752e-01 8.068891671940575661e-01 1.745135623776902789e-01
9.468894445859389331e-01 8.044917473976490596e-01 1.740743734938025589e-01
9.470676559522676063e-01 8.020849287215322532e-01 1.736340025960617095e-01
9.472458229583776701e-01 7.996686104737865675e-01 1.731924410096804257e-01
9.474239456342267163e-01 7.972426901904579033e-01 1.727496799555145457e-01
9.476020240097414726e-01 7.948070635920018168e-01 1.723057105483133400e-01
9.477800581148140280e-01 7.923616245383556800e-01 1.718605237949324127e-01
9.479580479793040526e-01 7.899062649825688842e-01 1.714141105925074682e-01
9.481359936330385763e-01 7.874408749229528937e-01 1.709664617265886366e-01
9.483138951058124322e-01 7.849653423536795405e-01 1.705175678692346375e-01
9.484917524273864808e-01 7.824795532137736043e-01 1.700674195770640884e-01
9.486695656274891642e-01 7.799833913344335068e-01 1.696160072892643755e-01
9.488473347358171717e-01 7.774767383846080682e-01 1.691633213255567814e-01
9.490250597820338863e-01 7.749594738147697059e-01 1.687093518841140116e-01
9.492027407957696061e-01 7.724314747987959251e-01 1.682540890394356448e-01
9.493803778066235433e-01 7.698926161738980367e-01 1.677975227401709013e-01
9.495579708441616029e-01 7.673427703784974074e-01 1.673396428068952557e-01
9.497355199379170498e-01 7.647818073879821821e-01 1.668804389298347290e-01
9.499130251173911743e-01 7.622095946482416728e-01 1.664199006665400826e-01
9.500904864120530702e-01 7.596259970068897083e-01 1.659580174395065000e-01
9.502679038513394127e-01 7.570308766420805746e-01 1.654947785337373134e-01
9.504452774646544588e-01 7.544240929888077485e-01 1.650301730942543010e-01
9.506226072813711570e-01 7.518055026625799497e-01 1.645641901235472548e-01
9.507998933308289269e-01 7.491749593803653795e-01 1.640968184789637907e-01
9.509771356423363242e-01 7.465323138786689183e-01 1.636280468700402890e-01
9.511543342451697081e-01 7.438774138286333715e-01 1.631578638557673044e-01
9.513314891685730190e-01 7.412101037480151033e-01 1.626862578417908600e-01
9.515086004417586674e-01 7.385302249099063854e-01 1.622132170775462123e-01
9.516856680939068669e-01 7.358376152480465837e-01 1.617387296533235042e-01
9.518626921541665231e-01 7.331321092585719734e-01 1.612627834972626961e-01
9.520396726516545671e-01 7.304135378980382010e-01 1.607853663722749182e-01
9.522166096154557335e-01 7.276817284775372041e-01 1.603064658728882153e-01
9.523935030746238928e-01 7.249365045527330631e-01 1.598260694220166866e-01
9.525703530581804968e-01 7.221776858096176088e-01 1.593441642676503567e-01
9.527471595951161332e-01 7.194050879457797310e-01 1.588607374794613614e-01
9.529239227143900814e-01 7.166185225469809961e-01 1.583757759453277569e-01
9.531006424449280923e-01 7.138177969587969907e-01 1.578892663677662622e-01
9.532773188156270505e-01 7.110027141530911310e-01 1.574011952602809294e-01
9.534539518553512005e-01 7.081730725890637013e-01 1.569115489436121169e-01
9.536305415929341445e-01 7.053286660686008958e-01 1.564203135418970048e-01
9.538070880571766219e-01 7.024692835856449769e-01 1.559274749787253611e-01
9.539835912768500625e-01 6.995947091692669151e-01 1.554330189730989686e-01
9.541600512806939216e-01 6.967047217201383091e-01 1.549369310352808338e-01
9.543364680974156800e-01 6.937990948400429847e-01 1.544391964625418945e-01
9.545128417556928424e-01 6.908775966540717794e-01 1.539398003347910715e-01
9.546891722841718275e-01 6.879399896251179314e-01 1.534387275100939363e-01
9.548654597114673015e-01 6.849860303602544054e-01 1.529359626200695321e-01
9.550417040661635104e-01 6.820154694085620584e-01 1.524314900651662086e-01
9.552179053768133921e-01 6.790280510499453470e-01 1.519252940098100302e-01
9.553940636719394641e-01 6.760235130744338683e-01 1.514173583774222065e-01
9.555701789800336021e-01 6.730015865514541451e-01 1.509076668453013248e-01
9.557462513295557072e-01 6.699619955884983380e-01 1.503962028393648620e-01
9.559222807489361484e-01 6.669044570785986892e-01 1.498829495287480329e-01
9.560982672665744309e-01 6.638286804359663229e-01 1.493678898202508709e-01
9.562742109108391952e-01 6.607343673191112821e-01 1.488510063526335969e-01
9.564501117100679961e-01 6.576212113407142734e-01 1.483322814907493403e-01
9.566259696925688560e-01 6.544888977634680804e-01 1.478116973195138240e-01
9.568017848866184893e-01 6.513371031810576417e-01 1.472892356377032974e-01
9.569775573204638563e-01 6.481654951833802913e-01 1.467648779515760005e-01
9.571532870223203870e-01 6.449737320050500378e-01 1.462386054683092185e-01
9.573289740203744236e-01 6.417614621561563704e-01 1.457103990892499590e-01
9.575046183427816660e-01 6.385283240341741440e-01 1.451802394029654275e-01
9.576802200176665059e-01 6.352739455158410431e-01 1.446481066780940794e-01
9.578557790731244692e-01 6.319979435277265356e-01 1.441139808559831759e-01
9.580312955372202177e-01 6.286999235941225228e-01 1.435778415431108734e-01
9.582067694379884371e-01 6.253794793607790892e-01 1.430396680032809398e-01
9.583822008034336148e-01 6.220361920928952904e-01 1.424994391495825186e-01
9.585575896615298186e-01 6.186696301456475755e-01 1.419571335361094200e-01
9.587329360402220280e-01 6.152793484054080997e-01 1.414127293494255588e-01
9.589082399674248025e-01 6.118648876996454211e-01 1.408662043997700453e-01
9.590835014710225037e-01 6.084257741733515301e-01 1.403175361119909370e-01
9.592587205788697391e-01 6.049615186296428693e-01 1.397667015161979942e-01
9.594338973187918063e-01 6.014716158320043693e-01 1.392136772381230014e-01
9.596090317185835827e-01 5.979555437654203720e-01 1.386584394891783034e-01
9.597841238060106361e-01 5.944127628534028318e-01 1.381009640561980112e-01
9.599591736088081140e-01 5.908427151276688383e-01 1.375412262908548289e-01
9.601341811546825200e-01 5.872448233469275136e-01 1.369792010987354036e-01
9.603091464713103820e-01 5.836184900609352466e-01 1.364148629280627356e-01
9.604840695863380295e-01 5.799630966156089640e-01 1.358481857580513819e-01
9.606589505273833707e-01 5.762780020946224324e-01 1.352791430868812150e-01
9.608337893220341153e-01 5.725625421924726011e-01 1.347077079192729732e-01
9.610085859978484413e-01 5.688160280135259317e-01 1.341338527536508618e-01
9.611833405823556609e-01 5.650377447910519546e-01 1.335575495688750558e-01
9.613580531030553322e-01 5.612269505196357811e-01 1.329787698105256155e-01
9.615327235874181477e-01 5.573828744937429081e-01 1.323974843767216636e-01
9.617073520628846017e-01 5.535047157444593635e-01 1.318136636034500653e-01
9.618819385568676550e-01 5.495916413656377619e-01 1.312272772493946471e-01
9.620564830967489600e-01 5.456427847197707903e-01 1.306382944802296220e-01
9.622309857098828578e-01 5.416572435128862439e-01 1.300466838523687552e-01
9.624054464235934914e-01 5.376340777266395143e-01 1.294524132961380469e-01
9.625798652651765819e-01 5.335723073944741435e-01 1.288554500983475626e-01
9.627542422618985407e-01 5.294709102072970852e-01 1.282557608842414265e-01
9.629285774409969134e-01 5.253288189324714086e-01 1.276533115987919798e-01
9.631028708296806018e-01 5.211449186280848744e-01 1.270480674873138149e-01
9.632771224551287537e-01 5.169180436323718153e-01 1.264399930753665746e-01
9.634513323444927613e-01 5.126469743057723294e-01 1.258290521479086543e-01
9.636255005248947070e-01 5.083304335004273922e-01 1.252152077276791065e-01
9.637996270234278073e-01 5.039670827288093014e-01 1.245984220527593667e-01
9.639737118671568572e-01 4.995555179996591932e-01 1.239786565532879359e-01
9.641477550831180077e-01 4.950942652853624337e-01 1.233558718272814991e-01
9.643217566983183220e-01 4.905817755802361346e-01 1.227300276155217362e-01
9.644957167397368858e-01 4.860164195038439439e-01 1.221010827754680783e-01
9.646696352343241410e-01 4.813964813972689272e-01 1.214689952541422868e-01
9.648435122090014415e-01 4.767201528530838339e-01 1.208337220599413342e-01
9.650173476906623860e-01 4.719855256114378617e-01 1.201952192333250735e-01
9.651911417061721510e-01 4.671905837449402132e-01 1.195534418163203827e-01
9.653648942823668255e-01 4.623331950436711524e-01 1.189083438207870491e-01
9.655386054460551870e-01 4.574111014983017198e-01 1.182598781953818345e-01
9.657122752240164809e-01 4.524219087636107139e-01 1.176079967911549118e-01
9.658859036430030853e-01 4.473630744661357128e-01 1.169526503257103112e-01
9.660594907297382905e-01 4.422318951976878521e-01 1.162937883458530497e-01
9.662330365109176311e-01 4.370254920102795149e-01 1.156313591886516390e-01
9.664065410132079981e-01 4.317407941966755480e-01 1.149653099408239065e-01
9.665800042632485267e-01 4.263745211031875759e-01 1.142955863963654450e-01
9.667534262876505968e-01 4.209231616759586125e-01 1.136221330123237394e-01
9.669268071129973885e-01 4.153829513870038181e-01 1.129448928626159976e-01
9.671001467658436601e-01 4.097498461193094799e-01 1.122638075897895715e-01
9.672734452727170806e-01 4.040194925082723487e-01 1.115788173546065631e-01
9.674467026601171193e-01 3.981871941357646993e-01 1.108898607833374295e-01
9.676199189545146018e-01 3.922478728480255361e-01 1.101968749126300828e-01
9.677930941823541522e-01 3.861960243126143499e-01 1.094997951318210927e-01
9.679662283700510850e-01 3.800256667340264349e-01 1.087985551225404413e-01
9.681393215439940692e-01 3.737302814002889662e-01 1.080930867954576213e-01
9.683123737305435741e-01 3.673027434180840545e-01 1.073833202239952156e-01
9.684853849560325356e-01 3.607352405899511005e-01 1.066691835748403150e-01
9.686583552467663560e-01 3.540191778641922360e-01 1.059506030350537698e-01
9.688312846290231262e-01 3.471450641050561337e-01 1.052275027355803472e-01
9.690041731290529592e-01 3.401023770296370818e-01 1.044998046709354755e-01
9.691770207730784348e-01 3.328794009565631540e-01 1.037674286148362324e-01
9.693498275872954872e-01 3.254630303913723099e-01 1.030302920315226134e-01
9.695225935978716292e-01 3.178385302612923846e-01 1.022883099824980491e-01
9.696953188309479499e-01 3.099892405506586845e-01 1.015413950283989841e-01
9.698680033126375610e-01 3.018962087884458079e-01 1.007894571256789940e-01
9.700406470690269289e-01 2.935377277024387443e-01 1.000324035177688753e-01
9.702132501261743203e-01 2.848887464383709212e-01 9.927013862035075076e-02
9.703858125101120224e-01 2.759201105311330227e-01 9.850256390035205811e-02
9.705583342468441232e-01 2.665975658069835719e-01 9.772957774823554100e-02
9.707308153623478431e-01 2.568804303416790114e-01 9.695107534313049391e-02
9.709032558825742010e-01 2.467197890503374791e-01 9.616694851030346824e-02
9.710756558334457944e-01 2.360559838985378245e-01 9.537708557044097257e-02
9.712480152408590195e-01 2.248150334434472208e-01 9.458137118015369493e-02
9.714203341306834050e-01 2.129033674480130811e-01 9.377968616308160477e-02
9.715926125287611681e-01 2.001997984927439411e-01 9.297190733090798798e-02
9.717648504609081028e-01 1.865427321184615350e-01 9.215790729354261801e-02
9.719370479529126916e-01 1.717086539894656649e-01 9.133755425766390545e-02
9.721092050305363275e-01 1.553733496617662191e-01 9.051071181273925847e-02
9.722813217195148683e-01 1.370352823723527125e-01 8.967723870356000826e-02
9.724533980455564164e-01 1.158434994111426364e-01 8.883698858824626288e-02
9.726254340343428728e-01 9.012790527069811097e-02 8.798980978056714086e-02
9.727974297115288271e-01 5.558307740706307926e-02 8.713554497532888243e-02
