7.701569663783875974e-01 3.279427354025818420e-02 1.681942598041114290e-01
7.707918856053365131e-01 5.160220952149145029e-02 1.726492054086301298e-01
7.714261221363286625e-01 6.684374480687368947e-02 1.769853238961518194e-01
7.720596779601687221e-01 7.979610832832695344e-02 1.812108438429376189e-01
7.726925550562256939e-01 9.120511151659377314e-02 1.853331028998415897e-01
7.733247553944949670e-01 1.014866566609038956e-01 1.893586762371529120e-01
7.739562809356599349e-01 1.108999930958170510e-01 1.932934822158254851e-01
7.745871336311533906e-01 1.196192816757244981e-01 1.971428700214758467e-01
7.752173154232161467e-01 1.277680163410781500e-01 2.009116928775878108e-01
7.758468282449596520e-01 1.354374225395857390e-01 2.046043696289246427e-01
7.764756740204230567e-01 1.426970889206743420e-01 2.082249368704889303e-01
7.771038546646334977e-01 1.496014924697467996e-01 2.117770933330951344e-01
7.777313720836640520e-01 1.561942004112525373e-01 2.152642378829078273e-01
7.783582281746913578e-01 1.625106844576434395e-01 2.186895022202656746e-01
7.789844248260542336e-01 1.685802684083186342e-01 2.220557791520197943e-01
7.796099639173097451e-01 1.744275138858981389e-01 2.253657471464760587e-01
7.802348473192900480e-01 1.800732300506670269e-01 2.286218917498120673e-01
7.808590768941581217e-01 1.855352246848055442e-01 2.318265243394349584e-01
7.814826544954641685e-01 1.908288731000023497e-01 2.349817986070462106e-01
7.821055819682000143e-01 1.959675560062572042e-01 2.380897250976344304e-01
7.827278611488538429e-01 2.009630013599540965e-01 2.411521840767250624e-01
7.833494938654652628e-01 2.058255546766155630e-01 2.441709369543357266e-01
7.839704819376784872e-01 2.105643952516230155e-01 2.471476364581511320e-01
7.845908271767955133e-01 2.151877109258530374e-01 2.500838357188617245e-01
7.852105313858295244e-01 2.197028406913670850e-01 2.529809964061452421e-01
7.858295963595572919e-01 2.241163920692864631e-01 2.558404960334526024e-01
7.864480238845713567e-01 2.284343384953518297e-01 2.586636345327913422e-01
7.870658157393313203e-01 2.326621007132698149e-01 2.614516401864842576e-01
7.876829736942158044e-01 2.368046152647748093e-01 2.642056749909189595e-01
7.882994995115722991e-01 2.408663924852781912e-01 2.669268395171907060e-01
7.889153949457688997e-01 2.448515659008152490e-01 2.696161773249769467e-01
7.895306617432429341e-01 2.487639345308436112e-01 2.722746789786846811e-01
7.901453016425520337e-01 2.526069993004296244e-01 2.749032857086916581e-01
7.907593163744216502e-01 2.563839945316865321e-01 2.775028927551627667e-01
7.913727076617959044e-01 2.600979153014184031e-01 2.800743524273472951e-01
7.919854772198842152e-01 2.637515413076495507e-01 2.826184769073121772e-01
7.925976267562105937e-01 2.673474577730824975e-01 2.851360408236516819e-01
7.932091579706607165e-01 2.708880738218426010e-01 2.876277836177615899e-01
7.938200725555296655e-01 2.743756386920199741e-01 2.900944117226908481e-01
7.944303721955682240e-01 2.778122560867501978e-01 2.925366005723502028e-01
7.950400585680305054e-01 2.811998969178344798e-01 2.949549964568972671e-01
7.956491333427188062e-01 2.845404106560239788e-01 2.973502182384111237e-01
7.962575981820301241e-01 2.878355354692322399e-01 2.997228589394633769e-01
7.968654547410025657e-01 2.910869073027705367e-01 3.020734872158754580e-01
7.974727046673583120e-01 2.942960680331152545e-01 3.044026487237858625e-01
7.980793496015504696e-01 2.974644728078567057e-01 3.067108673901267624e-01
7.986853911768063696e-01 3.005934966686758525e-01 3.089986465946942817e-01
7.992908310191718657e-01 3.036844405408881120e-01 3.112664702711980258e-01
7.998956707475550765e-01 3.067385366618474163e-01 3.135148039339528681e-01
8.004999119737695734e-01 3.097569535109755967e-01 3.157440956362428386e-01
8.011035563025781236e-01 3.127408002960584965e-01 3.179547768658167461e-01
8.017066053317348784e-01 3.156911310435316920e-01 3.201472633824690717e-01
8.023090606520271173e-01 3.186089483345316831e-01 3.223219560022054231e-01
8.029109238473189913e-01 3.214952067233949329e-01 3.244792413320850555e-01
8.035121964945916018e-01 3.243508158708875988e-01 3.266194924594697513e-01
8.041128801639850776e-01 3.271766434206441199e-01 3.287430695990775642e-01
8.047129764188399870e-01 3.299735176440076745e-01 3.308503207009472757e-01
8.053124868157376381e-01 3.327422298755942642e-01 3.329415820221547917e-01
8.059114129045407138e-01 3.354835367594102280e-01 3.350171786648768468e-01
8.065097562284334609e-01 3.381981623231782863e-01 3.370774250831872765e-01
8.071075183239613260e-01 3.408867998966120250e-01 3.391226255607711071e-01
8.077047007210711449e-01 3.435501138877115057e-01 3.411530746615638598e-01
8.083013049431491126e-01 3.461887414296798138e-01 3.431690576551620908e-01
8.088973325070611953e-01 3.488032939097559515e-01 3.451708509187063068e-01
8.094927849231910999e-01 3.513943583901246726e-01 3.471587223168018377e-01
8.100876636954783550e-01 3.539624989300405034e-01 3.491329315609219552e-01
8.106819703214570572e-01 3.565082578174064154e-01 3.510937305496283356e-01
8.112757062922929530e-01 3.590321567172550798e-01 3.530413636908414365e-01
8.118688730928215191e-01 3.615346977438567144e-01 3.549760682073005436e-01
8.124614722015849333e-01 3.640163644625577510e-01 3.568980744262713611e-01
8.130535050908686001e-01 3.664776228268811775e-01 3.588076060544779233e-01
8.136449732267391211e-01 3.689189220559084825e-01 3.607048804391676522e-01
8.142358780690788223e-01 3.713406954565258156e-01 3.625901088161529451e-01
8.148262210716232801e-01 3.737433611946862078e-01 3.644634965456103326e-01
8.154160036819967372e-01 3.761273230194977502e-01 3.663252433363677896e-01
8.160052273417476298e-01 3.784929709436014034e-01 3.681755434593556031e-01
8.165938934863837817e-01 3.808406818830097351e-01 3.700145859508530699e-01
8.171820035454081532e-01 3.831708202593163137e-01 3.718425548061188302e-01
8.177695589423523703e-01 3.854837385669336869e-01 3.736596291639538436e-01
8.183565610948122515e-01 3.877797779078024920e-01 3.754659834827077103e-01
8.189430114144822248e-01 3.900592684958201772e-01 3.772617877082090621e-01
8.195289113071883014e-01 3.923225301330482417e-01 3.790472074340644482e-01
8.201142621729231585e-01 3.945698726596002515e-01 3.808224040547454337e-01
8.206990654058784473e-01 3.968015963789633394e-01 3.825875349118559310e-01
8.212833223944786543e-01 3.990179924603626804e-01 3.843427534339445284e-01
8.218670345214146300e-01 4.012193433196684089e-01 3.860882092702063728e-01
8.224502031636753419e-01 4.034059229802161028e-01 3.878240484183981818e-01
8.230328296925815135e-01 4.055779974148201461e-01 3.895504133472658115e-01
8.236149154738164890e-01 4.077358248701609122e-01 3.912674431137717623e-01
8.241964618674602061e-01 4.098796561746371747e-01 3.929752734753855781e-01
8.247774702280199488e-01 4.120097350307030948e-01 3.946740369976922125e-01
8.253579419044613230e-01 4.141262982926284253e-01 3.963638631575506222e-01
8.259378782402410080e-01 4.162295762305607827e-01 3.980448784420260733e-01
8.265172805733375094e-01 4.183197927817005057e-01 3.997172064433057725e-01
8.270961502362811357e-01 4.203971657893521008e-01 4.013809679497938876e-01
8.276744885561863052e-01 4.224619072305499379e-01 4.030362810335715862e-01
8.282522968547808562e-01 4.245142234329242203e-01 4.046832611343983976e-01
8.288295764484366890e-01 4.265543152814149086e-01 4.063220211404185434e-01
8.294063286481996311e-01 4.285823784154093596e-01 4.079526714657294995e-01
8.299825547598197462e-01 4.305986034168388099e-01 4.095753201249595632e-01
8.305582560837810879e-01 4.326031759897316364e-01 4.111900728049945886e-01
8.311334339153299000e-01 4.345962771316939088e-01 4.127970329339838429e-01
8.317080895445048139e-01 4.365780832977553816e-01 4.143963017477513278e-01
8.322822242561660477e-01 4.385487665569866578e-01 4.159879783537306364e-01
8.328558393300236062e-01 4.405084947422778785e-01 4.175721597925327599e-01
8.334289360406662572e-01 4.424574315936365410e-01 4.191489410972545349e-01
8.340015156575893984e-01 4.443957368953416198e-01 4.207184153506285940e-01
8.345735794452242562e-01 4.463235666072754015e-01 4.222806737401075816e-01
8.351451286629644200e-01 4.482410729907280733e-01 4.238358056109736149e-01
8.357161645651948190e-01 4.501484047289571744e-01 4.253838985175612541e-01
8.362866884013187008e-01 4.520457070427671975e-01 4.269250382726694770e-01
8.368567014157857198e-01 4.539331218013535341e-01 4.284593089952463130e-01
8.374262048481180276e-01 4.558107876286516258e-01 4.299867931564136381e-01
8.379951999329382506e-01 4.576788400054043193e-01 4.315075716239061832e-01
8.385636878999965793e-01 4.595374113671610306e-01 4.330217237049883150e-01
8.391316699741957486e-01 4.613866311984017865e-01 4.345293271879122621e-01
8.396991473756189039e-01 4.632266261229708859e-01 4.360304583819785140e-01
8.402661213195558032e-01 4.650575199909983692e-01 4.375251921562539614e-01
8.408325930165285733e-01 4.668794339624695033e-01 4.390136019770035647e-01
8.413985636723176897e-01 4.686924865876001545e-01 4.404957599438861782e-01
8.419640344879872895e-01 4.704967938841689290e-01 4.419717368249652112e-01
8.425290066599115946e-01 4.722924694119394196e-01 4.434416020905785349e-01
8.430934813797995586e-01 4.740796243443085589e-01 4.449054239461157634e-01
8.436574598347201803e-01 4.758583675373057598e-01 4.463632693637439863e-01
8.442209432071278163e-01 4.776288055960605239e-01 4.478152041131212013e-01
8.447839326748868283e-01 4.793910429388506533e-01 4.492612927911402987e-01
8.453464294112962296e-01 4.811451818588368678e-01 4.507015988507365178e-01
8.459084345851145548e-01 4.828913225835881895e-01 4.521361846287978437e-01
8.464699493605831737e-01 4.846295633324890217e-01 4.535651113732080408e-01
8.470309748974519382e-01 4.863600003721214038e-01 4.549884392690599078e-01
8.475915123510020521e-01 4.880827280697092596e-01 4.564062274640637296e-01
8.481515628720697197e-01 4.897978389447075753e-01 4.578185340931869018e-01
8.487111276070717913e-01 4.915054237186077812e-01 4.592254163025479285e-01
8.492702076980268577e-01 4.932055713630441596e-01 4.606269302725947701e-01
8.498288042825801192e-01 4.948983691462642276e-01 4.620231312405925217e-01
8.503869184940254788e-01 4.965839026780309307e-01 4.634140735224465124e-01
8.509445514613297457e-01 4.982622559530229256e-01 4.647998105338821406e-01
8.515017043091553939e-01 4.999335113927936836e-01 4.661803948110072038e-01
8.520583781578816573e-01 5.015977498863452011e-01 4.675558780302768169e-01
8.526145741236296205e-01 5.032550508293712754e-01 4.689263110278825697e-01
8.531702933182828685e-01 5.049054921622291303e-01 4.702917438185850174e-01
8.537255368495099139e-01 5.065491504066796935e-01 4.716522256140108227e-01
8.542803058207874001e-01 5.081861007014529807e-01 4.730078048404313118e-01
8.548346013314207514e-01 5.098164168366789983e-01 4.743585291560399875e-01
8.553884244765670442e-01 5.114401712872326256e-01 4.757044454677485379e-01
8.559417763472562113e-01 5.130574352450268938e-01 4.770455999475138875e-01
8.564946580304122481e-01 5.146682786503028462e-01 4.783820380482161627e-01
8.570470706088756385e-01 5.162727702219492842e-01 4.797138045190982303e-01
8.575990151614234502e-01 5.178709774868858196e-01 4.810409434207866819e-01
8.581504927627912060e-01 5.194629668085533059e-01 4.823634981399015920e-01
8.587015044836936450e-01 5.210488034145348557e-01 4.836815114032756990e-01
8.592520513908455948e-01 5.226285514233457441e-01 4.849950252917888949e-01
8.598021345469825105e-01 5.242022738704187335e-01 4.863040812538367841e-01
8.603517550108811252e-01 5.257700327333179047e-01 4.876087201184396425e-01
8.609009138373797665e-01 5.273318889562047529e-01 4.889089821080074283e-01
8.614496120773992294e-01 5.288879024735855250e-01 4.902049068507695062e-01
8.619978507779620935e-01 5.304381322333656668e-01 4.914965333928809632e-01
8.625456309822133738e-01 5.319826362192349167e-01 4.927839002102143984e-01
8.630929537294399490e-01 5.335214714724059171e-01 4.940670452198488438e-01
8.636398200550905457e-01 5.350546941127316547e-01 4.953460057912634773e-01
8.641862309907953899e-01 5.365823593592197183e-01 4.966208187572465627e-01
8.647321875643859679e-01 5.381045215499671297e-01 4.978915204245284998e-01
8.652776907999137901e-01 5.396212341615331809e-01 4.991581465841449794e-01
8.658227417176700413e-01 5.411325498277727020e-01 5.004207325215429547e-01
8.663673413342050100e-01 5.426385203581434169e-01 5.016793130264327605e-01
8.669114906623464067e-01 5.441391967555090359e-01 5.029339224023972044e-01
8.674551907112184601e-01 5.456346292334542936e-01 5.041845944762624043e-01
8.679984424862610126e-01 5.471248672331254781e-01 5.054313626072403087e-01
8.685412469892476173e-01 5.486099594396154355e-01 5.066742596958472289e-01
8.690836052183051885e-01 5.500899537979060394e-01 5.079133181926064333e-01
8.696255181679303226e-01 5.515648975283838906e-01 5.091485701065396885e-01
8.701669868290096144e-01 5.530348371419415709e-01 5.103800470134565170e-01
8.707080121888371993e-01 5.544998184546789943e-01 5.116077800640440598e-01
8.712485952311319615e-01 5.559598866022175123e-01 5.128317999917649805e-01
8.717887369360564076e-01 5.574150860536385421e-01 5.140521371205698520e-01
8.723284382802343195e-01 5.588654606250602619e-01 5.152688213724259114e-01
8.728677002367684068e-01 5.603110534928602560e-01 5.164818822746717331e-01
8.734065237752576261e-01 5.617519072065604302e-01 5.176913489671999269e-01
8.739449098618141676e-01 5.631880637013799706e-01 5.188972502094727490e-01
8.744828594590828841e-01 5.646195643104682249e-01 5.200996143873770627e-01
8.750203735262562788e-01 5.660464497768301628e-01 5.212984695199220919e-01
8.755574530190923799e-01 5.674687602649484131e-01 5.224938432657835197e-01
8.760940988899323933e-01 5.688865353721163087e-01 5.236857629296993721e-01
8.766303120877169119e-01 5.702998141394868270e-01 5.248742554687219064e-01
8.771660935580025686e-01 5.717086350628497460e-01 5.260593474983282780e-01
8.777014442429800223e-01 5.731130361031406828e-01 5.272410652983948731e-01
8.782363650814890565e-01 5.745130546966947804e-01 5.284194348190391910e-01
8.787708570090357885e-01 5.759087277652485959e-01 5.295944816863298321e-01
8.793049209578086556e-01 5.773000917257008480e-01 5.307662312078745837e-01
8.798385578566959575e-01 5.786871824996353553e-01 5.319347083782824948e-01
8.803717686313003998e-01 5.800700355226184879e-01 5.330999378845080461e-01
8.809045542039559695e-01 5.814486857532719100e-01 5.342619441110787459e-01
8.814369154937439221e-01 5.828231676821311602e-01 5.354207511452112600e-01
8.819688534165091021e-01 5.841935153402944003e-01 5.365763827818141873e-01
8.825003688848745975e-01 5.855597623078685476e-01 5.377288625283863643e-01
8.830314628082580608e-01 5.869219417222161228e-01 5.388782136098100306e-01
8.835621360928880286e-01 5.882800862860122493e-01 5.400244589730415212e-01
8.840923896418180217e-01 5.896342282751136921e-01 5.411676212917038153e-01
8.846222243549431985e-01 5.909843995462469302e-01 5.423077229705814961e-01
8.851516411290144548e-01 5.923306315445205916e-01 5.434447861500215637e-01
8.856806408576550771e-01 5.936729553107650270e-01 5.445788327102443205e-01
8.862092244313743983e-01 5.950114014887077918e-01 5.457098842755629953e-01
8.867373927375836740e-01 5.963460003319835945e-01 5.468379622185153277e-01
8.872651466606111814e-01 5.976767817109903680e-01 5.479630876639139947e-01
8.877924870817163194e-01 5.990037751195896876e-01 5.490852814928094405e-01
8.883194148791050404e-01 6.003270096816580859e-01 5.502045643463754354e-01
8.888459309279442833e-01 6.016465141574943720e-01 5.513209566297140318e-01
8.893720361003758512e-01 6.029623169500860635e-01 5.524344785155842485e-01
8.898977312655322880e-01 6.042744461112353749e-01 5.535451499480558146e-01
8.904230172895496453e-01 6.055829293475557540e-01 5.546529906460894166e-01
8.909478950355838034e-01 6.068877940263347481e-01 5.557580201070452253e-01
8.914723653638226830e-01 6.081890671812706373e-01 5.568602576101235879e-01
8.919964291315013449e-01 6.094867755180881641e-01 5.579597222197347772e-01
8.925200871929160895e-01 6.107809454200298083e-01 5.590564327888055685e-01
8.930433403994378905e-01 6.120716029532345948e-01 5.601504079620179821e-01
8.935661895995272719e-01 6.133587738719974425e-01 5.612416661789874084e-01
8.940886356387467426e-01 6.146424836239224865e-01 5.623302256773781149e-01
8.946106793597754514e-01 6.159227573549651558e-01 5.634161044959568043e-01
8.951323216024227314e-01 6.171996199143684469e-01 5.644993204775902162e-01
8.956535632036410899e-01 6.184730958594987227e-01 5.655798912721829996e-01
8.961744049975403081e-01 6.197432094605784814e-01 5.666578343395608508e-01
8.966948478154004309e-01 6.210099847053225375e-01 5.677331669522974744e-01
8.972148924856856445e-01 6.222734453034800550e-01 5.688059061984890308e-01
8.977345398340557114e-01 6.235336146912812127e-01 5.698760689844759586e-01
8.982537906833821806e-01 6.247905160357956067e-01 5.709436720375135055e-01
8.987726458537584895e-01 6.260441722392000585e-01 5.720087319083920763e-01
8.992911061625145086e-01 6.272946059429620469e-01 5.730712649740091758e-01
8.998091724242289757e-01 6.285418395319386509e-01 5.741312874398937227e-01
9.003268454507428187e-01 6.297858951383920045e-01 5.751888153426826245e-01
9.008441260511711457e-01 6.310267946459260369e-01 5.762438645525534975e-01
9.013610150319164571e-01 6.322645596933463841e-01 5.772964507756105368e-01
9.018775131966807468e-01 6.334992116784401439e-01 5.783465895562291958e-01
9.023936213464789358e-01 6.347307717616850198e-01 5.793942962793562357e-01
9.029093402796504186e-01 6.359592608698840799e-01 5.804395861727693617e-01
9.034246707918719421e-01 6.371846996997295731e-01 5.814824743092953385e-01
9.039396136761692624e-01 6.384071087212987994e-01 5.825229756089881361e-01
9.044541697229304678e-01 6.396265081814793696e-01 5.835611048412695512e-01
9.049683397199170809e-01 6.408429181073330705e-01 5.845968766270289718e-01
9.054821244522772705e-01 6.420563583093905624e-01 5.856303054406882813e-01
9.059955247025565095e-01 6.432668483848859031e-01 5.866614056122291254e-01
9.065085412507097873e-01 6.444744077209295652e-01 5.876901913291839863e-01
9.070211748741150437e-01 6.456790554976193919e-01 5.887166766385939498e-01
9.075334263475832719e-01 6.468808106910947098e-01 5.897408754489295024e-01
9.080452964433707308e-01 6.480796920765321545e-01 5.907628015319811299e-01
9.085567859311909356e-01 6.492757182310865405e-01 5.917824685247140559e-01
9.090678955782260928e-01 6.504689075367747764e-01 5.927998899310930048e-01
9.095786261491375368e-01 6.516592781833088210e-01 5.938150791238739901e-01
9.100889784060798293e-01 6.528468481708742388e-01 5.948280493463670160e-01
9.105989531087091970e-01 6.540316353128585725e-01 5.958388137141664709e-01
9.111085510141974098e-01 6.552136572385293123e-01 5.968473852168544314e-01
9.114702967004716383e-01 6.565284218622877699e-01 5.984274657325108215e-01
9.113894670903847084e-01 6.582450036844951224e-01 6.017133079027490172e-01
9.113086280142721485e-01 6.599558210396808677e-01 6.049762929615978280e-01
9.112277794691244770e-01 6.616609261696401179e-01 6.082168474005299474e-01
9.111469214519306581e-01 6.633603705480846102e-01 6.114353848780735845e-01
9.110660539596775465e-01 6.650542048962199138e-01 6.146323067492645009e-01
9.109851769893511086e-01 6.667424791979167376e-01 6.178080025674750342e-01
9.109042905379353128e-01 6.684252427144979913e-01 6.209628505603592696e-01
9.108233946024130168e-01 6.701025439991447064e-01 6.240972180815177461e-01
9.107424891797651911e-01 6.717744309109381362e-01 6.272114620393778317e-01
9.106615742669711411e-01 6.734409506285493618e-01 6.303059293046744394e-01
9.105806498610090616e-01 6.751021496635813968e-01 6.333809570978138348e-01
9.104997159588547051e-01 6.767580738735826662e-01 6.364368733573242398e-01
9.104187725574836021e-01 6.784087684747350799e-01 6.394739970904994575e-01
9.103378196538680633e-01 6.800542780542292443e-01 6.424926387072773526e-01
9.102568572449801776e-01 6.816946465823371382e-01 6.454931003383195254e-01
9.101758853277902572e-01 6.833299174241880269e-01 6.484756761381892387e-01
9.100949038992658391e-01 6.849601333512603807e-01 6.514406525744759202e-01
9.100139129563747931e-01 6.865853365525943497e-01 6.543883087036466151e-01
9.099329124960816584e-01 6.882055686457365651e-01 6.573189164343605784e-01
9.098519025153503081e-01 6.898208706874215945e-01 6.602327407789381208e-01
9.097708830111432832e-01 6.914312831840002671e-01 6.631300400936188666e-01
9.096898539804205708e-01 6.930368461016208625e-01 6.660110663082215998e-01
9.096088154201416032e-01 6.946375988761716025e-01 6.688760651457611450e-01
9.095277673272634811e-01 6.962335804229885516e-01 6.717252763325578524e-01
9.094467096987419730e-01 6.978248291463391428e-01 6.745589337993362911e-01
9.093656425315315150e-01 6.994113829486844347e-01 6.773772658737747809e-01
9.092845658225846561e-01 7.009932792397283174e-01 6.801804954649496304e-01
9.092034795688525017e-01 7.025705549452589960e-01 6.829688402400846403e-01
9.091223837672837149e-01 7.041432465157898557e-01 6.857425127939897891e-01
9.090412784148274028e-01 7.057113899350005992e-01 6.885017208115606913e-01
9.089601635084288977e-01 7.072750207279908663e-01 6.912466672236752263e-01
9.088790390450330881e-01 7.088341739693472254e-01 6.939775503568166304e-01
9.087979050215836407e-01 7.103888842910280887e-01 6.966945640767245873e-01
9.087167614350212252e-01 7.119391858900756542e-01 6.993978979263635321e-01
9.086356082822859559e-01 7.134851125361536539e-01 7.020877372584799492e-01
9.085544455603161706e-01 7.150266975789218993e-01 7.047642633630031295e-01
9.084732732660483201e-01 7.165639739552464027e-01 7.074276535895355211e-01
9.083920913964181887e-01 7.180969741962526243e-01 7.100780814651552753e-01
9.083108999483583412e-01 7.196257304342276173e-01 7.127157168077563609e-01
9.082296989188015646e-01 7.211502744093678530e-01 7.153407258351194287e-01
9.081484883046772039e-01 7.226706374763867124e-01 7.179532712699179253e-01
9.080672681029143822e-01 7.241868506109774284e-01 7.205535124408386505e-01
9.079860383104406685e-01 7.256989444161372482e-01 7.231416053799858412e-01
9.079047989241804117e-01 7.272069491283619236e-01 7.257177029167430904e-01
9.078235499410586273e-01 7.287108946237026430e-01 7.282819547682413130e-01
9.077422913579966668e-01 7.302108104237002850e-01 7.308345076265831963e-01
9.076610231719151045e-01 7.317067257011936610e-01 7.333755052429672405e-01
9.075797453797337377e-01 7.331986692860064103e-01 7.359050885088406213e-01
9.074984579783695882e-01 7.346866696705166566e-01 7.384233955342096589e-01
9.074171609647382342e-01 7.361707550151099788e-01 7.409305617232306851e-01
9.073358543357539219e-01 7.376509531535220265e-01 7.434267198471889992e-01
9.072545380883294541e-01 7.391272915980703351e-01 7.459120001149828205e-01
9.071732122193755243e-01 7.405997975447797810e-01 7.483865302412088250e-01
9.070918767258016047e-01 7.420684978784045649e-01 7.508504355119529627e-01
9.070105316045153909e-01 7.435334191773476098e-01 7.533038388483761505e-01
9.069291768524223585e-01 7.449945877184818155e-01 7.557468608681865430e-01
9.068478124664280937e-01 7.464520294818737245e-01 7.581796199450833162e-01
9.067664384434342972e-01 7.479057701554145954e-01 7.606022322662514545e-01
9.066850547803428917e-01 7.493558351393579953e-01 7.630148118879855890e-01
9.066036614740533572e-01 7.508022495507670202e-01 7.654174707895178287e-01
9.065222585214633977e-01 7.522450382278771386e-01 7.678103189251176408e-01
9.064408459194696066e-01 7.536842257343696616e-01 7.701934642745322801e-01
9.063594236649665792e-01 7.551198363635633903e-01 7.725670128918296076e-01
9.062779917548470232e-01 7.565518941425263266e-01 7.749310689527092455e-01
9.061965501860029804e-01 7.579804228361045615e-01 7.772857348003342493e-01
9.061150989553234947e-01 7.594054459508754462e-01 7.796311109897432479e-01
9.060336380596977213e-01 7.608269867390258234e-01 7.819672963308956781e-01
9.059521674960117066e-01 7.622450682021532087e-01 7.842943879303982957e-01
9.058706872611500538e-01 7.636597130949974721e-01 7.866124812319678083e-01
9.057891973519961448e-01 7.650709439290995784e-01 7.889216700556671569e-01
9.057076977654315852e-01 7.664787829763927141e-01 7.912220466359706217e-01
9.056261884983363153e-01 7.678832522727258025e-01 7.935137016586906178e-01
9.055446695475893870e-01 7.692843736213186290e-01 7.957967242968135846e-01
9.054631409100667438e-01 7.706821685961570134e-01 7.980712022452827181e-01
9.053816025826431080e-01 7.720766585453210373e-01 8.003372217547628509e-01
9.053000545621927575e-01 7.734678645942524300e-01 8.025948676644247826e-01
9.052184968455869729e-01 7.748558076489631130e-01 8.048442234337859214e-01
9.051369294296960355e-01 7.762405083991840149e-01 8.070853711736353242e-01
9.050553523113885612e-01 7.776219873214564871e-01 8.093183916760791075e-01
9.049737654875301684e-01 7.790002646821670984e-01 8.115433644437354266e-01
9.048921689549876968e-01 7.803753605405261418e-01 8.137603677181056705e-01
9.048105627106239890e-01 7.817472947514966242e-01 8.159694785071549550e-01
9.047289467512998895e-01 7.831160869686654147e-01 8.181707726121235646e-01
9.046473210738774640e-01 7.844817566470660974e-01 8.203643246535985423e-01
9.045656856752138930e-01 7.858443230459507545e-01 8.225502080968685181e-01
9.044840405521663573e-01 7.872038052315112333e-01 8.247284952765868704e-01
9.044023857015905943e-01 7.885602220795543404e-01 8.268992574207651991e-01
9.043207211203391216e-01 7.899135922781279628e-01 8.290625646741189847e-01
9.042390468052647901e-01 7.912639343301022254e-01 8.312184861207877473e-01
9.041573627532176749e-01 7.926112665557045744e-01 8.333670898064478028e-01
9.040756689610458530e-01 7.939556070950110067e-01 8.355084427598415964e-01
9.039939654255965129e-01 7.952969739103943336e-01 8.376426110137352721e-01
9.039122521437155111e-01 7.966353847889298123e-01 8.397696596253306778e-01
9.038305291122457064e-01 7.979708573447585884e-01 8.418896526961442417e-01
9.037487963280286252e-01 7.993034090214116150e-01 8.440026533913684847e-01
9.036670537879057941e-01 8.006330570940936031e-01 8.461087239587383735e-01
9.035853014887142987e-01 8.019598186719268940e-01 8.482079257469110622e-01
9.035035394272924458e-01 8.032837107001583599e-01 8.503003192233788976e-01
9.034217676004745456e-01 8.046047499623295574e-01 8.523859639919284525e-01
9.033399860050942420e-01 8.059229530824069121e-01 8.544649188096576919e-01
9.032581946379837357e-01 8.072383365268820388e-01 8.565372416035701431e-01
9.031763934959731177e-01 8.085509166068299836e-01 8.586029894867510670e-01
9.030945825758910361e-01 8.098607094799380457e-01 8.606622187741463925e-01
9.030127618745640294e-01 8.111677311525002931e-01 8.627149849979501850e-01
9.029309313888168598e-01 8.124719974813761070e-01 8.647613429226151949e-01
9.028490911154739562e-01 8.137735241759190830e-01 8.668013465594982536e-01
9.027672410513569723e-01 8.150723267998742916e-01 8.688350491811481779e-01
9.026853811932853411e-01 8.163684207732423426e-01 8.708625033352509481e-01
9.026035115380782736e-01 8.176618213741162489e-01 8.728837608582384888e-01
9.025216320825515393e-01 8.189525437404845398e-01 8.748988728885725985e-01
9.024397428235214624e-01 8.202406028720073961e-01 8.769078898797145749e-01
9.023578437578005929e-01 8.215260136317651396e-01 8.789108616127853102e-01
9.022759348822002590e-01 8.228087907479761931e-01 8.809078372089308440e-01
9.021940161935313451e-01 8.240889488156880605e-01 8.828988651413963717e-01
9.021120876886019602e-01 8.253665022984427724e-01 8.848839932473193670e-01
9.020301493642177704e-01 8.266414655299145764e-01 8.868632687392514757e-01
9.019482012171851082e-01 8.279138527155204264e-01 8.888367382164111818e-01
9.018662432443060872e-01 8.291836779340086006e-01 8.908044476756828978e-01
9.017842754423821550e-01 8.304509551390186761e-01 8.927664425223601485e-01
9.017022978082145368e-01 8.317156981606178556e-01 8.947227675806498359e-01
9.016203103385995732e-01 8.329779207068157554e-01 8.966734671039355842e-01
9.015383130303342707e-01 8.342376363650511051e-01 8.986185847848110475e-01
9.014563058802140816e-01 8.354948586036594627e-01 9.005581637648902849e-01
9.013742888850309054e-01 8.367496007733160601e-01 9.024922466443973113e-01
9.012922620415768638e-01 8.380018761084561119e-01 9.044208754915460391e-01
9.012102253466409696e-01 8.392516977286751390e-01 9.063440918517104983e-01
9.011281787970115698e-01 8.404990786401055347e-01 9.082619367563954382e-01
9.010461223894744576e-01 8.417440317367734792e-01 9.101744507320109756e-01
9.009640561208142051e-01 8.429865698019354259e-01 9.120816738084563946e-01
9.008819799878137191e-01 8.442267055093927164e-01 9.139836455275173188e-01
9.007998939872535749e-01 8.454644514247877662e-01 9.158804049510835821e-01
9.007177981159142366e-01 8.466998200068799330e-01 9.177719906691899077e-01
9.006356923705717277e-01 8.479328236088035098e-01 9.196584408078853912e-01
9.005535767480029596e-01 8.491634744793037370e-01 9.215397930369361168e-01
9.004714512449818464e-01 8.503917847639583805e-01 9.234160845773641269e-01
9.003893158582807477e-01 8.516177665063785485e-01 9.252873522088294056e-01
9.003071705846705797e-01 8.528414316493914127e-01 9.271536322768549887e-01
9.002250154209202604e-01 8.540627920362071634e-01 9.290149606999040799e-01
9.001428503637968204e-01 8.552818594115683126e-01 9.308713729763078426e-01
9.000606754100662910e-01 8.564986454228796786e-01 9.327229041910517493e-01
8.999784905564922610e-01 8.577131616213267140e-01 9.345695890224219315e-01
8.998962957998368761e-01 8.589254194629716288e-01 9.364114617485145287e-01
8.998140911368605055e-01 8.601354303098387444e-01 9.382485562536141410e-01
8.997318765643214089e-01 8.613432054309803076e-01 9.400809060344406110e-01
8.996496520789772910e-01 8.625487560035293155e-01 9.419085442062722358e-01
8.995674176775829700e-01 8.637520931137357971e-01 9.437315035089435256e-01
8.994851733568917096e-01 8.649532277579891071e-01 9.455498163127232791e-01
8.994029191136555523e-01 8.661521708438243428e-01 9.473635146240776406e-01
8.993206549446243203e-01 8.673489331909156608e-01 9.491726300913144732e-01
8.992383808465460593e-01 8.685435255320551606e-01 9.509771940101209298e-01
8.991560968161672607e-01 8.697359585141170024e-01 9.527772373289887797e-01
8.990738028502333057e-01 8.709262426990082018e-01 9.545727906545337094e-01
8.989914989454865779e-01 8.721143885646083227e-01 9.563638842567133702e-01
8.989091850986687948e-01 8.733004065056908516e-01 9.581505480739399561e-01
8.988268613065188983e-01 8.744843068348372439e-01 9.599328117180979669e-01
8.987445275657752752e-01 8.756660997833343174e-01 9.617107044794618309e-01
8.986621838731740919e-01 8.768457955020606542e-01 9.634842553315213776e-01
8.985798302254488501e-01 8.780234040623615677e-01 9.652534929357153848e-01
8.984974666193330517e-01 8.791989354569088588e-01 9.670184456460716449e-01
8.984150930515566458e-01 8.803723996005529129e-01 9.687791415137642081e-01
8.983327095188494704e-01 8.815438063311584749e-01 9.705356082915795879e-01
8.982503160179382551e-01 8.827131654104340974e-01 9.722878734383034738e-01
8.981679125455489521e-01 8.838804865247446019e-01 9.740359641230219578e-01
8.980854990984046271e-01 8.850457792859179884e-01 9.757799072293443787e-01
8.980030756732281239e-01 8.862090532320360259e-01 9.775197293595462300e-01
8.979206422667392884e-01 8.873703178282188464e-01 9.792554568386385716e-01
8.978381988756568566e-01 8.885295824673961063e-01 9.809871157183577273e-01
8.977557454966973438e-01 8.896868564710681548e-01 9.827147317810872584e-01
8.976732821265762663e-01 8.908421490900572115e-01 9.844383305437031106e-01
8.975908087620059206e-01 8.919954695052503268e-01 9.861579372613523686e-01
8.975083253996986032e-01 8.931468268283268008e-01 9.878735769311616233e-01
8.974258320363632802e-01 8.942962301024846017e-01 9.895852742958807235e-01
8.973433286687090282e-01 8.954436883031475780e-01 9.912930538474570286e-01
8.972608152934410386e-01 8.965892103386715606e-01 9.929969398305490413e-01
8.971782919072637252e-01 8.977328050510353652e-01 9.946969562459767600e-01
8.970957585068803919e-01 8.988744812165258002e-01 9.963931268541091901e-01
8.970132150889910116e-01 9.000142475464122382e-01 9.980854751781943479e-01
8.969306616502953355e-01 9.011521126876133048e-01 9.997740245076268684e-01
8.968480981874906721e-01 9.022880852233536864e-01 1.000000000000000000e+00
8.967655246972715544e-01 9.034221736738144992e-01 1.000000000000000000e+00
8.966829411763334035e-01 9.045543864967713343e-01 1.000000000000000000e+00
8.966003476213665335e-01 9.056847320882289720e-01 1.000000000000000000e+00
8.965177440290625910e-01 9.068132187830437729e-01 1.000000000000000000e+00
8.964351303961090034e-01 9.079398548555408510e-01 1.000000000000000000e+00
8.963525067191924212e-01 9.090646485201212545e-01 1.000000000000000000e+00
8.962698729949981624e-01 9.101876079318622637e-01 1.000000000000000000e+00
8.961872292202087698e-01 9.113087411871105825e-01 1.000000000000000000e+00
8.961045753915060086e-01 9.124280563240668718e-01 1.000000000000000000e+00
8.960219115055692019e-01 9.135455613233639527e-01 1.000000000000000000e+00
8.959392375590754520e-01 9.146612641086367956e-01 1.000000000000000000e+00
8.958565535487019726e-01 9.157751725470848481e-01 1.000000000000000000e+00
8.957738594711217583e-01 9.168872944500296995e-01 1.000000000000000000e+00
8.956911553230074707e-01 9.179976375734627547e-01 1.000000000000000000e+00
8.956084411010292179e-01 9.191062096185881325e-01 1.000000000000000000e+00
8.955257168018564418e-01 9.202130182323570162e-01 1.000000000000000000e+00
8.954429824221555867e-01 9.213180710079978963e-01 1.000000000000000000e+00
8.953602379585915427e-01 9.224213754855371539e-01 1.000000000000000000e+00
8.952774834078286448e-01 9.235229391523160913e-01 1.000000000000000000e+00
8.951947187665274530e-01 9.246227694434983047e-01 1.000000000000000000e+00
8.951119440313480835e-01 9.257208737425752787e-01 1.000000000000000000e+00
8.950291591989483209e-01 9.268172593818608807e-01 1.000000000000000000e+00
8.949463642659845064e-01 9.279119336429832998e-01 1.000000000000000000e+00
8.948635592291104279e-01 9.290049037573692159e-01 1.000000000000000000e+00
8.947807440849789851e-01 9.300961769067231932e-01 1.000000000000000000e+00
8.946979188302406349e-01 9.311857602234996367e-01 1.000000000000000000e+00
8.946150834615446135e-01 9.322736607913713058e-01 1.000000000000000000e+00
8.945322379755377140e-01 9.333598856456895021e-01 1.000000000000000000e+00
8.944493823688650647e-01 9.344444417739417030e-01 1.000000000000000000e+00
8.943665166381705722e-01 9.355273361162004253e-01 1.000000000000000000e+00
8.942836407800952570e-01 9.366085755655698675e-01 1.000000000000000000e+00
8.942007547912789178e-01 9.376881669686238929e-01 1.000000000000000000e+00
8.941178586683603546e-01 9.387661171258424586e-01 1.000000000000000000e+00
8.940349524079747034e-01 9.398424327920396060e-01 1.000000000000000000e+00
8.939520360067571003e-01 9.409171206767881213e-01 1.000000000000000000e+00
8.938691094613396837e-01 9.419901874448391998e-01 1.000000000000000000e+00
8.937861727683525936e-01 9.430616397165360043e-01 1.000000000000000000e+00
8.937032259244259702e-01 9.441314840682231146e-01 1.000000000000000000e+00
8.936202689261856236e-01 9.451997270326523148e-01 1.000000000000000000e+00
8.935373017702574749e-01 9.462663750993801637e-01 1.000000000000000000e+00
8.934543244532647810e-01 9.473314347151647885e-01 1.000000000000000000e+00
8.933713369718285779e-01 9.483949122843563506e-01 1.000000000000000000e+00
8.932883393225695690e-01 9.494568141692824037e-01 1.000000000000000000e+00
8.932053315021047935e-01 9.505171466906300326e-01 1.000000000000000000e+00
8.931223135070502916e-01 9.515759161278217748e-01 1.000000000000000000e+00
8.930392853340208825e-01 9.526331287193895436e-01 1.000000000000000000e+00
8.929562469796282764e-01 9.536887906633430001e-01 1.000000000000000000e+00
8.928731984404832955e-01 9.547429081175330401e-01 1.000000000000000000e+00
8.927901397131944305e-01 9.557954872000115065e-01 1.000000000000000000e+00
8.927070707943689509e-01 9.568465339893891253e-01 1.000000000000000000e+00
8.926239916806110175e-01 9.578960545251850034e-01 1.000000000000000000e+00
8.925409023685249021e-01 9.589440548081752391e-01 1.000000000000000000e+00
8.924578028547111019e-01 9.599905408007375351e-01 1.000000000000000000e+00
8.923746931357688927e-01 9.610355184271904827e-01 1.000000000000000000e+00
8.922915732082969953e-01 9.620789935741295151e-01 1.000000000000000000e+00
8.922084430688895784e-01 9.631209720907601968e-01 1.000000000000000000e+00
8.921253027141419212e-01 9.641614597892255167e-01 1.000000000000000000e+00
8.920421521406456389e-01 9.652004624449320724e-01 1.000000000000000000e+00
8.919589913449902374e-01 9.662379857968704799e-01 1.000000000000000000e+00
8.918758203237648896e-01 9.672740355479344521e-01 1.000000000000000000e+00
8.917926390735556597e-01 9.683086173652323270e-01 1.000000000000000000e+00
8.917094475909475015e-01 9.693417368804005951e-01 1.000000000000000000e+00
8.916262458725230378e-01 9.703733996899098768e-01 1.000000000000000000e+00
8.915430339148626704e-01 9.714036113553689011e-01 1.000000000000000000e+00
8.914598117145463574e-01 9.724323774038244883e-01 1.000000000000000000e+00
8.913765792681501710e-01 9.734597033280597556e-01 1.000000000000000000e+00
8.912933365722504053e-01 9.744855945868872160e-01 1.000000000000000000e+00
8.912100836234194690e-01 9.755100566054401012e-01 1.000000000000000000e+00
8.911268204182299923e-01 9.765330947754592428e-01 1.000000000000000000e+00
8.910435469532510533e-01 9.775547144555783996e-01 1.000000000000000000e+00
8.904223079048236844e-01 9.777183554451801539e-01 1.000000000000000000e+00
8.892616161502004957e-01 9.770245891663890125e-01 1.000000000000000000e+00
8.880989235297735984e-01 9.763301693457234753e-01 1.000000000000000000e+00
8.869342206536569018e-01 9.756350943094312944e-01 1.000000000000000000e+00
8.857674980598519987e-01 9.749393623767544925e-01 1.000000000000000000e+00
8.845987462134805579e-01 9.742429718598893951e-01 1.000000000000000000e+00
8.834279555060012834e-01 9.735459210639453298e-01 1.000000000000000000e+00
8.822551162544192138e-01 9.728482082869033265e-01 1.000000000000000000e+00
8.810802187004816988e-01 9.721498318195745947e-01 1.000000000000000000e+00
8.799032530098678251e-01 9.714507899455583351e-01 1.000000000000000000e+00
8.787242092713594133e-01 9.707510809411988850e-01 1.000000000000000000e+00
8.775430774960063518e-01 9.700507030755450844e-01 1.000000000000000000e+00
8.763598476162794970e-01 9.693496546103049782e-01 1.000000000000000000e+00
8.751745094852085849e-01 9.686479337998040728e-01 1.000000000000000000e+00
8.739870528755100398e-01 9.679455388909415925e-01 1.000000000000000000e+00
8.727974674787049025e-01 9.672424681231451826e-01 1.000000000000000000e+00
8.716057429042202154e-01 9.665387197283291654e-01 1.000000000000000000e+00
8.704118686784788617e-01 9.658342919308483543e-01 1.000000000000000000e+00
8.692158342439783025e-01 9.651291829474529793e-01 1.000000000000000000e+00
8.680176289583534377e-01 9.644233909872438337e-01 1.000000000000000000e+00
8.668172420934286970e-01 9.637169142516274212e-01 1.000000000000000000e+00
8.656146628342553662e-01 9.630097509342691042e-01 1.000000000000000000e+00
8.644098802781335911e-01 9.623018992210464750e-01 1.000000000000000000e+00
8.632028834336231693e-01 9.615933572900036141e-01 1.000000000000000000e+00
8.619936612195371328e-01 9.608841233113044611e-01 1.000000000000000000e+00
8.607822024639237846e-01 9.601741954471837426e-01 1.000000000000000000e+00
8.595684959030304162e-01 9.594635718519010092e-01 1.000000000000000000e+00
8.583525301802545915e-01 9.587522506716915638e-01 1.000000000000000000e+00
8.571342938450787763e-01 9.580402300447178332e-01 1.000000000000000000e+00
8.559137753519906466e-01 9.573275081010211851e-01 1.000000000000000000e+00
8.546909630593838569e-01 9.566140829624724118e-01 1.000000000000000000e+00
8.534658452284488162e-01 9.558999527427226583e-01 1.000000000000000000e+00
8.522384100220391501e-01 9.551851155471521304e-01 1.000000000000000000e+00
8.510086455035278385e-01 9.544695694728212443e-01 1.000000000000000000e+00
8.497765396356442569e-01 9.537533126084180024e-01 1.000000000000000000e+00
8.485420802792905670e-01 9.530363430342089215e-01 1.000000000000000000e+00
8.473052551923463405e-01 9.523186588219866300e-01 1.000000000000000000e+00
8.460660520284489783e-01 9.516002580350167994e-01 1.000000000000000000e+00
8.448244583357596982e-01 9.508811387279875182e-01 1.000000000000000000e+00
8.435804615557094266e-01 9.501612989469555570e-01 1.000000000000000000e+00
8.423340490217243737e-01 9.494407367292926336e-01 1.000000000000000000e+00
8.410852079579367313e-01 9.487194501036334549e-01 1.000000000000000000e+00
8.398339254778678376e-01 9.479974370898199831e-01 1.000000000000000000e+00
8.385801885830982405e-01 9.472746956988474798e-01 1.000000000000000000e+00
8.373239841619133372e-01 9.465512239328101041e-01 1.000000000000000000e+00
8.360652989879283625e-01 9.458270197848454020e-01 1.000000000000000000e+00
8.348041197186952811e-01 9.451020812390774628e-01 1.000000000000000000e+00
8.335404328942813690e-01 9.443764062705620743e-01 1.000000000000000000e+00
8.322742249358323630e-01 9.436499928452295460e-01 1.000000000000000000e+00
8.310054821441084094e-01 9.429228389198269777e-01 1.000000000000000000e+00
8.297341906980005843e-01 9.421949424418615271e-01 1.000000000000000000e+00
8.284603366530182145e-01 9.414663013495421229e-01 1.000000000000000000e+00
8.271839059397596561e-01 9.407369135717201791e-01 1.000000000000000000e+00
8.259048843623519875e-01 9.400067770278318635e-01 1.000000000000000000e+00
8.246232575968709400e-01 9.392758896278373681e-01 1.000000000000000000e+00
8.233390111897309627e-01 9.385442492721619567e-01 1.000000000000000000e+00
8.220521305560531955e-01 9.378118538516346803e-01 1.000000000000000000e+00
8.207626009780036869e-01 9.370787012474283140e-01 1.000000000000000000e+00
8.194704076031071871e-01 9.363447893309969627e-01 1.000000000000000000e+00
8.181755354425328530e-01 9.356101159640147769e-01 1.000000000000000000e+00
8.168779693693514199e-01 9.348746789983134464e-01 1.000000000000000000e+00
8.155776941167626193e-01 9.341384762758192517e-01 1.000000000000000000e+00
8.142746942762977280e-01 9.334015056284887812e-01 1.000000000000000000e+00
8.129689542959859239e-01 9.326637648782466483e-01 1.000000000000000000e+00
8.116604584784969934e-01 9.319252518369189886e-01 1.000000000000000000e+00
8.103491909792477355e-01 9.311859643061699554e-01 1.000000000000000000e+00
8.090351358044799435e-01 9.304459000774355504e-01 1.000000000000000000e+00
8.077182768093056353e-01 9.297050569318572322e-01 1.000000000000000000e+00
8.063985976957160906e-01 9.289634326402159692e-01 1.000000000000000000e+00
8.050760820105641313e-01 9.282210249628636278e-01 1.000000000000000000e+00
8.037507131435061014e-01 9.274778316496569142e-01 1.000000000000000000e+00
8.024224743249095404e-01 9.267338504398883181e-01 1.000000000000000000e+00
8.010913486237292158e-01 9.259890790622168355e-01 1.000000000000000000e+00
7.997573189453419662e-01 9.252435152345980240e-01 1.000000000000000000e+00
7.984203680293467942e-01 9.244971566642157246e-01 1.000000000000000000e+00
7.970804784473272120e-01 9.237500010474095635e-01 1.000000000000000000e+00
7.957376326005733969e-01 9.230020460696048978e-01 1.000000000000000000e+00
7.943918127177646005e-01 9.222532894052402064e-01 1.000000000000000000e+00
7.930430008526148100e-01 9.215037287176944814e-01 1.000000000000000000e+00
7.916911788814691153e-01 9.207533616592151748e-01 1.000000000000000000e+00
7.903363285008691008e-01 9.200021858708435918e-01 1.000000000000000000e+00
7.889784312250633924e-01 9.192501989823407271e-01 1.000000000000000000e+00
7.876174683834822332e-01 9.184973986121127698e-01 1.000000000000000000e+00
7.862534211181650967e-01 9.177437823671347195e-01 1.000000000000000000e+00
7.848862703811391173e-01 9.169893478428744471e-01 1.000000000000000000e+00
7.835159969317568862e-01 9.162340926232164229e-01 1.000000000000000000e+00
7.821425813339770716e-01 9.154780142803836673e-01 1.000000000000000000e+00
7.807660039536067353e-01 9.147211103748589256e-01 1.000000000000000000e+00
7.793862449554844751e-01 9.139633784553070628e-01 1.000000000000000000e+00
7.780032843006162713e-01 9.132048160584940177e-01 1.000000000000000000e+00
7.766171017432602630e-01 9.124454207092081992e-01 1.000000000000000000e+00
7.752276768279537933e-01 9.116851899201783294e-01 1.000000000000000000e+00
7.738349888864893833e-01 9.109241211919919534e-01 1.000000000000000000e+00
7.724390170348318652e-01 9.101622120130132831e-01 1.000000000000000000e+00
7.710397401699810027e-01 9.093994598593001522e-01 1.000000000000000000e+00
7.696371369667734941e-01 9.086358621945204161e-01 1.000000000000000000e+00
7.682311858746243560e-01 9.078714164698671318e-01 1.000000000000000000e+00
7.668218651142092446e-01 9.071061201239730698e-01 1.000000000000000000e+00
7.654091526740836038e-01 9.063399705828250053e-01 1.000000000000000000e+00
7.639930263072344241e-01 9.055729652596766766e-01 1.000000000000000000e+00
7.625734635275716045e-01 9.048051015549622988e-01 1.000000000000000000e+00
7.611504416063468170e-01 9.040363768562066360e-01 1.000000000000000000e+00
7.597239375685078677e-01 9.032667885379370709e-01 1.000000000000000000e+00
7.582939281889788941e-01 9.024963339615933444e-01 1.000000000000000000e+00
7.568603899888727282e-01 9.017250104754365170e-01 1.000000000000000000e+00
7.554232992316248785e-01 9.009528154144584855e-01 1.000000000000000000e+00
7.539826319190550130e-01 9.001797461002889467e-01 1.000000000000000000e+00
7.525383637873500620e-01 8.994057998411023602e-01 1.000000000000000000e+00
7.510904703029688267e-01 8.986309739315238021e-01 1.000000000000000000e+00
7.496389266584640998e-01 8.978552656525347064e-01 1.000000000000000000e+00
7.481837077682224058e-01 8.970786722713776085e-01 1.000000000000000000e+00
7.467247882641199208e-01 8.963011910414581118e-01 1.000000000000000000e+00
7.452621424910874648e-01 8.955228192022487432e-01 1.000000000000000000e+00
7.437957445025925596e-01 8.947435539791904757e-01 1.000000000000000000e+00
7.423255680560205683e-01 8.939633925835940298e-01 1.000000000000000000e+00
7.408515866079737888e-01 8.931823322125386211e-01 1.000000000000000000e+00
7.393737733094629672e-01 8.924003700487721513e-01 1.000000000000000000e+00
7.378921010010064396e-01 8.916175032606092898e-01 1.000000000000000000e+00
7.364065422076297995e-01 8.908337290018276677e-01 1.000000000000000000e+00
7.349170691337560957e-01 8.900490444115652933e-01 1.000000000000000000e+00
7.334236536579951116e-01 8.892634466142159688e-01 1.000000000000000000e+00
7.319262673278209563e-01 8.884769327193225985e-01 1.000000000000000000e+00
7.304248813541383001e-01 8.876894998214712729e-01 1.000000000000000000e+00
7.289194666057354777e-01 8.869011450001837993e-01 1.000000000000000000e+00
7.274099936036189096e-01 8.861118653198087891e-01 1.000000000000000000e+00
7.258964325152247321e-01 8.853216578294129668e-01 1.000000000000000000e+00
7.243787531485149644e-01 8.845305195626685935e-01 1.000000000000000000e+00
7.228569249459337875e-01 8.837384475377443316e-01 1.000000000000000000e+00
7.213309169782444741e-01 8.829454387571908924e-01 1.000000000000000000e+00
7.198006979382314263e-01 8.821514902078279041e-01 1.000000000000000000e+00
7.182662361342553314e-01 8.813565988606293367e-01 1.000000000000000000e+00
7.167274994836797530e-01 8.805607616706077057e-01 1.000000000000000000e+00
7.151844555061482867e-01 8.797639755766963887e-01 1.000000000000000000e+00
7.136370713167076163e-01 8.789662375016320528e-01 1.000000000000000000e+00
7.120853136187871302e-01 8.781675443518366375e-01 1.000000000000000000e+00
7.105291486970164438e-01 8.773678930172954527e-01 1.000000000000000000e+00
7.089685424098818300e-01 8.765672803714366079e-01 1.000000000000000000e+00
7.074034601822191126e-01 8.757657032710082223e-01 1.000000000000000000e+00
7.058338669975364743e-01 8.749631585559550784e-01 1.000000000000000000e+00
7.042597273901606281e-01 8.741596430492932779e-01 1.000000000000000000e+00
7.026810054372033543e-01 8.733551535569856750e-01 1.000000000000000000e+00
7.010976647503496251e-01 8.725496868678113138e-01 1.000000000000000000e+00
6.995096684674427800e-01 8.717432397532409727e-01 1.000000000000000000e+00
6.979169792438897346e-01 8.709358089673047143e-01 1.000000000000000000e+00
6.963195592438570225e-01 8.701273912464615456e-01 1.000000000000000000e+00
6.947173701312553407e-01 8.693179833094685227e-01 1.000000000000000000e+00
6.931103730605261415e-01 8.685075818572454143e-01 1.000000000000000000e+00
6.914985286671975206e-01 8.676961835727404759e-01 1.000000000000000000e+00
6.898817970582181713e-01 8.668837851207948919e-01 1.000000000000000000e+00
6.882601378020619665e-01 8.660703831480056625e-01 1.000000000000000000e+00
6.866335099185958413e-01 8.652559742825853828e-01 1.000000000000000000e+00
6.850018718686933239e-01 8.644405551342236871e-01 1.000000000000000000e+00
6.833651815436080357e-01 8.636241222939449180e-01 1.000000000000000000e+00
6.817233962540776293e-01 8.628066723339656852e-01 1.000000000000000000e+00
6.800764727191643821e-01 8.619882018075503138e-01 1.000000000000000000e+00
6.784243670548181226e-01 8.611687072488656280e-01 1.000000000000000000e+00
6.767670347621561611e-01 8.603481851728334018e-01 1.000000000000000000e+00
6.751044307154497881e-01 8.595266320749817002e-01 1.000000000000000000e+00
6.734365091498049072e-01 8.587040444312956655e-01 1.000000000000000000e+00
6.717632236485415742e-01 8.578804186980656388e-01 1.000000000000000000e+00
6.700845271302432460e-01 8.570557513117335047e-01 1.000000000000000000e+00
6.684003718354747381e-01 8.562300386887385928e-01 1.000000000000000000e+00
6.667107093131694473e-01 8.554032772253623573e-01 1.000000000000000000e+00
6.650154904066529760e-01 8.545754632975690601e-01 1.000000000000000000e+00
6.633146652393092646e-01 8.537465932608486741e-01 1.000000000000000000e+00
6.616081831998732454e-01 8.529166634500543465e-01 1.000000000000000000e+00
6.598959929273333636e-01 8.520856701792407506e-01 1.000000000000000000e+00
6.581780422954375265e-01 8.512536097414995506e-01 1.000000000000000000e+00
6.564542783967838302e-01 8.504204784087939784e-01 1.000000000000000000e+00
6.547246475264948407e-01 8.495862724317917447e-01 1.000000000000000000e+00
6.529890951654373499e-01 8.487509880396953976e-01 1.000000000000000000e+00
6.512475659630041491e-01 8.479146214400715698e-01 1.000000000000000000e+00
6.495000037194160747e-01 8.470771688186782278e-01 1.000000000000000000e+00
6.477463513675431050e-01 8.462386263392911445e-01 1.000000000000000000e+00
6.459865509542284112e-01 8.453989901435269294e-01 1.000000000000000000e+00
6.442205436210873826e-01 8.445582563506653928e-01 1.000000000000000000e+00
6.424482695847768543e-01 8.437164210574698009e-01 1.000000000000000000e+00
6.406696681167076690e-01 8.428734803380051321e-01 1.000000000000000000e+00
6.388846775221918017e-01 8.420294302434542244e-01 1.000000000000000000e+00
6.370932351189814158e-01 8.411842668019339220e-01 1.000000000000000000e+00
6.352952772152145045e-01 8.403379860183057826e-01 1.000000000000000000e+00
6.334907390867119403e-01 8.394905838739874504e-01 1.000000000000000000e+00
6.316795549536224907e-01 8.386420563267620309e-01 1.000000000000000000e+00
6.298616579563880435e-01 8.377923993105843570e-01 1.000000000000000000e+00
6.280369801310042854e-01 8.369416087353857003e-01 1.000000000000000000e+00
6.262054523835521858e-01 8.360896804868759302e-01 1.000000000000000000e+00
6.243670044639668681e-01 8.352366104263455604e-01 1.000000000000000000e+00
6.225215649390350992e-01 8.343823943904625784e-01 1.000000000000000000e+00
6.206690611645709899e-01 8.335270281910697188e-01 1.000000000000000000e+00
6.188094192567503704e-01 8.326705076149788498e-01 1.000000000000000000e+00
6.169425640625753049e-01 8.318128284237622516e-01 1.000000000000000000e+00
6.150684191294305547e-01 8.309539863535420068e-01 1.000000000000000000e+00
6.131869066736945761e-01 8.300939771147798352e-01 1.000000000000000000e+00
6.112979475483885095e-01 8.292327963920597123e-01 1.000000000000000000e+00
6.094014612097928829e-01 8.283704398438720418e-01 1.000000000000000000e+00
6.074973656830280344e-01 8.275069031023946087e-01 1.000000000000000000e+00
6.055855775265339691e-01 8.266421817732702015e-01 1.000000000000000000e+00
6.036660117954180116e-01 8.257762714353822364e-01 1.000000000000000000e+00
6.017385820036179611e-01 8.249091676406291596e-01 1.000000000000000000e+00
5.998032000848478873e-01 8.240408659136950753e-01 1.000000000000000000e+00
5.978597763522561781e-01 8.231713617518174875e-01 1.000000000000000000e+00
5.959082194567661972e-01 8.223006506245549296e-01 1.000000000000000000e+00
5.939484363440398207e-01 8.214287279735479341e-01 1.000000000000000000e+00
5.919803322099924658e-01 8.205555892122822215e-01 1.000000000000000000e+00
5.900038104548260831e-01 8.196812297258456725e-01 1.000000000000000000e+00
5.880187726354970668e-01 8.188056448706843016e-01 1.000000000000000000e+00
5.860251184165728988e-01 8.179288299743541213e-01 1.000000000000000000e+00
5.840227455193857109e-01 8.170507803352726750e-01 1.000000000000000000e+00
5.820115496694395762e-01 8.161714912224656837e-01 1.000000000000000000e+00
5.799914245419763859e-01 8.152909578753115838e-01 1.000000000000000000e+00
5.779622617056274780e-01 8.144091755032825120e-01 1.000000000000000000e+00
5.759239505640717516e-01 8.135261392856847351e-01 1.000000000000000000e+00
5.738763782956093351e-01 8.126418443713925299e-01 1.000000000000000000e+00
5.718194297905664358e-01 8.117562858785820623e-01 1.000000000000000000e+00
5.697529875864143500e-01 8.108694588944629356e-01 1.000000000000000000e+00
5.676769318005413512e-01 8.099813584750011897e-01 1.000000000000000000e+00
5.655911400605245776e-01 8.090919796446461865e-01 1.000000000000000000e+00
5.634954874318254259e-01 8.082013173960503893e-01 1.000000000000000000e+00
5.613898463427713370e-01 8.073093666897863674e-01 1.000000000000000000e+00
5.592740865067058476e-01 8.064161224540611350e-01 1.000000000000000000e+00
5.571480748411778983e-01 8.055215795844274940e-01 1.000000000000000000e+00
5.550116753840214079e-01 8.046257329434914896e-01 1.000000000000000000e+00
5.528647492061949942e-01 8.037285773606165362e-01 1.000000000000000000e+00
5.507071543212117559e-01 8.028301076316245455e-01 1.000000000000000000e+00
5.485387455910049059e-01 8.019303185184932792e-01 1.000000000000000000e+00
5.463593746280531738e-01 8.010292047490495948e-01 1.000000000000000000e+00
5.441688896935849007e-01 8.001267610166613586e-01 1.000000000000000000e+00
5.419671355916667599e-01 7.992229819799225865e-01 1.000000000000000000e+00
5.397539535589764848e-01 7.983178622623376963e-01 1.000000000000000000e+00
5.375291811500314543e-01 7.974113964520009867e-01 1.000000000000000000e+00
5.352926521176620822e-01 7.965035791012711197e-01 1.000000000000000000e+00
5.330441962884701068e-01 7.955944047264440488e-01 1.000000000000000000e+00
5.307836394330195384e-01 7.946838678074207296e-01 1.000000000000000000e+00
5.285108031304959209e-01 7.937719627873713879e-01 1.000000000000000000e+00
5.262255046275217119e-01 7.928586840723946816e-01 1.000000000000000000e+00
5.239275566908397908e-01 7.919440260311759738e-01 1.000000000000000000e+00
5.216167674535292509e-01 7.910279829946362806e-01 1.000000000000000000e+00
5.192929402543983164e-01 7.901105492555826615e-01 1.000000000000000000e+00
5.169558734701895641e-01 7.891917190683506167e-01 1.000000000000000000e+00
5.146053603401997689e-01 7.882714866484439309e-01 1.000000000000000000e+00
5.122411887828947075e-01 7.873498461721687436e-01 1.000000000000000000e+00
5.098631412040597333e-01 7.864267917762650661e-01 1.000000000000000000e+00
5.074709942960199394e-01 7.855023175575333028e-01 9.999324234213461393e-01
5.050645188274068831e-01 7.845764175724546652e-01 9.994357142286763862e-01
5.026434794229266423e-01 7.836490858368088119e-01 9.989386772435929762e-01
5.002076343325504437e-01 7.827203163252867135e-01 9.984413118782783370e-01
4.977567351894915393e-01 7.817901029710970784e-01 9.979436175431922740e-01
4.952905267563059710e-01 7.808584396655698923e-01 9.974455936470668638e-01
4.928087466583963017e-01 7.799253202577547395e-01 9.969472395968971279e-01
4.903111251041480378e-01 7.789907385540129070e-01 9.964485547979361479e-01
4.889296172620972158e-01 7.780184180516647174e-01 9.957816811827880921e-01
4.879212051634069236e-01 7.770323956648288455e-01 9.950582038810354968e-01
4.869101640129799846e-01 7.760447346404305557e-01 9.943340280514113561e-01
4.858964751228450063e-01 7.750554275658098069e-01 9.936091518602602202e-01
4.848801195873155279e-01 7.740644669734392247e-01 9.928835734660602652e-01
4.838610782794544041e-01 7.730718453403595536e-01 9.921572910193764416e-01
4.828393318474683560e-01 7.720775550876057824e-01 9.914303026628127347e-01
4.818148607110236958e-01 7.710815885796284963e-01 9.907026065309655349e-01
4.807876450574843363e-01 7.700839381237051251e-01 9.899742007503747887e-01
4.797576648380730835e-01 7.690845959693448641e-01 9.892450834394751480e-01
4.787248997639482195e-01 7.680835543076854899e-01 9.885152527085491192e-01
4.776893293021978182e-01 7.670808052708811831e-01 9.877847066596762149e-01
4.766509326717479067e-01 7.660763409314834682e-01 9.870534433866843260e-01
4.756096888391844746e-01 7.650701533018118283e-01 9.863214609750995399e-01
4.745655765144794480e-01 7.640622343333185462e-01 9.855887575020964020e-01
4.735185741466303999e-01 7.630525759159426658e-01 9.848553310364466240e-01
4.724686599192007841e-01 7.620411698774555154e-01 9.841211796384682353e-01
4.714158117457653563e-01 7.610280079827989042e-01 9.833863013599747349e-01
4.703600072652496800e-01 7.600130819334117716e-01 9.826506942442229109e-01
4.693012238371729317e-01 7.589963833665498427e-01 9.819143563258597718e-01
4.682394385367793510e-01 7.579779038545948477e-01 9.811772856308716984e-01
4.671746281500659959e-01 7.569576349043536379e-01 9.804394801765298206e-01
4.661067691686922587e-01 7.559355679563497521e-01 9.797009379713371713e-01
4.650358377847800262e-01 7.549116943841019944e-01 9.789616570149751729e-01
4.639618098855928241e-01 7.538860054933955723e-01 9.782216352982485708e-01
4.628846610480927271e-01 7.528584925215424661e-01 9.774808708030314763e-01
4.618043665333751435e-01 7.518291466366302522e-01 9.767393615022111897e-01
4.607209012809753701e-01 7.507979589367620443e-01 9.759971053596340207e-01
4.596342399030368120e-01 7.497649204492840003e-01 9.752541003300477795e-01
4.585443566783509728e-01 7.487300221300042802e-01 9.745103443590464876e-01
4.574512255462580002e-01 7.476932548623969055e-01 9.737658353830128677e-01
4.563548201003954641e-01 7.466546094567998448e-01 9.730205713290601688e-01
4.552551135823066919e-01 7.456140766495963357e-01 9.722745501149766545e-01
4.541520788748960036e-01 7.445716471023878791e-01 9.715277696491649850e-01
4.530456884957242969e-01 7.435273114011539120e-01 9.707802278305842636e-01
4.519359145901486463e-01 7.424810600553997109e-01 9.700319225486903063e-01
4.508227289242898173e-01 7.414328834972918614e-01 9.692828516833776886e-01
4.497061028778358005e-01 7.403827720807814039e-01 9.685330131049171287e-01
4.485860074366613826e-01 7.393307160807146561e-01 9.677824046738970898e-01
4.474624131852775188e-01 7.382767056919292692e-01 9.670310242411602752e-01
4.463352902990847526e-01 7.372207310283390713e-01 9.662788696477434547e-01
4.452046085364384509e-01 7.361627821220050327e-01 9.655259387248148473e-01
4.440703372305145891e-01 7.351028489221914652e-01 9.647722292936128374e-01
4.429324452809761392e-01 7.340409212944094541e-01 9.640177391653798056e-01
4.417909011454216883e-01 7.329769890194451909e-01 9.632624661413008438e-01
4.406456728306248904e-01 7.319110417923749834e-01 9.625064080124391408e-01
4.394967278835442692e-01 7.308430692215635016e-01 9.617495625596698128e-01
4.383440333821060353e-01 7.297730608276509212e-01 9.609919275536172867e-01
4.371875559257476507e-01 7.287010060425196389e-01 9.602335007545869106e-01
4.360272616257208078e-01 7.276268942082494418e-01 9.594742799124992283e-01
4.348631160951312302e-01 7.265507145760551344e-01 9.587142627668244765e-01
4.336950844387277293e-01 7.254724563052091790e-01 9.579534470465133067e-01
4.325231312424173691e-01 7.243921084619457940e-01 9.571918304699301716e-01
4.313472205625024647e-01 7.233096600183510638e-01 9.564294107447831594e-01
4.301673159146290337e-01 7.222250998512341758e-01 9.556661855680567141e-01
4.289833802624433146e-01 7.211384167409807811e-01 9.549021526259408033e-01
4.277953760059367005e-01 7.200495993703917019e-01 9.541373095937605298e-01
4.266032649694771473e-01 7.189586363234998778e-01 9.533716541359059660e-01
4.254070083895123422e-01 7.178655160843715466e-01 9.526051839057597670e-01
4.242065669019354779e-01 7.167702270358879968e-01 9.518378965456254504e-01
4.230019005291014156e-01 7.156727574585064477e-01 9.510697896866556755e-01
4.217929686664824707e-01 7.145730955290063857e-01 9.503008609487771929e-01
4.205797300689479989e-01 7.134712293192096988e-01 9.495311079406182353e-01
4.193621428366612891e-01 7.123671467946857128e-01 9.487605282594334666e-01
4.181401644005741103e-01 7.112608358134329123e-01 9.479891194910287089e-01
4.169137515075077571e-01 7.101522841245413442e-01 9.472168792096856693e-01
4.156828602048088794e-01 7.090414793668325943e-01 9.464438049780848905e-01
4.144474458245580029e-01 7.079284090674775598e-01 9.456698943472287011e-01
4.132074629673228028e-01 7.068130606405940153e-01 9.448951448563643885e-01
4.119628654854343708e-01 7.056954213858187552e-01 9.441195540329042624e-01
4.107136064657707641e-01 7.045754784868593079e-01 9.433431193923478286e-01
4.094596382120355149e-01 7.034532190100206694e-01 9.425658384382015198e-01
4.082009122264987910e-01 7.023286299027071689e-01 9.417877086618978710e-01
4.069373791912005434e-01 7.012016979919025728e-01 9.410087275427153619e-01
4.056689889485774470e-01 7.000724099826219904e-01 9.402288925476954828e-01
4.043956904815075304e-01 6.989407524563409080e-01 9.394482011315606895e-01
4.031174318927399636e-01 6.978067118693962456e-01 9.386666507366318024e-01
4.018341603836923515e-01 6.966702745513623229e-01 9.378842387927426305e-01
4.005458222325891660e-01 6.955314267033988473e-01 9.371009627171562606e-01
3.992523627719197776e-01 6.943901543965719236e-01 9.363168199144794590e-01
3.979537263651842238e-01 6.932464435701460870e-01 9.355318077765760743e-01
3.966498563829078394e-01 6.921002800298480251e-01 9.347459236824803286e-01
3.953406951778808964e-01 6.909516494461021008e-01 9.339591649983099986e-01
3.940261840596200882e-01 6.898005373522322348e-01 9.331715290771757099e-01
3.927062632679846343e-01 6.886469291426382533e-01 9.323830132590943398e-01
3.913808719459479502e-01 6.874908100709369307e-01 9.315936148708968689e-01
3.900499481114693134e-01 6.863321652480738333e-01 9.308033312261388970e-01
3.887134286284393281e-01 6.851709796403995245e-01 9.300121596250082723e-01
3.873712491766552191e-01 6.840072380677164610e-01 9.292200973542328324e-01
3.860233442207934851e-01 6.828409252012886954e-01 9.284271416869873672e-01
3.846696469783324468e-01 6.816720255618184954e-01 9.276332898827994722e-01
3.833100893863856107e-01 6.805005235173876565e-01 9.268385391874541801e-01
3.819446020673956110e-01 6.793264032813611797e-01 9.260428868328987040e-01
3.805731142936470968e-01 6.781496489102561975e-01 9.252463300371457366e-01
3.791955539505415529e-01 6.769702443015704896e-01 9.244488660041756400e-01
3.778118474985867059e-01 6.757881731915761359e-01 9.236504919238381905e-01
3.764219199340442246e-01 6.746034191530697610e-01 9.228512049717541021e-01
3.750256947481739878e-01 6.734159655930850308e-01 9.220510023092133300e-01
3.736230938850156336e-01 6.722257957505638482e-01 9.212498810830754836e-01
3.722140376976484921e-01 6.710328926939839178e-01 9.204478384256671308e-01
3.707984449028473573e-01 6.698372393189457874e-01 9.196448714546786585e-01
3.693762325340870789e-01 6.686388183457140366e-01 9.188409772730617986e-01
3.679473158927901166e-01 6.674376123167139463e-01 9.180361529689228250e-01
3.665116084977640964e-01 6.662336035939834256e-01 9.172303956154190807e-01
3.650690220327324487e-01 6.650267743565764222e-01 9.164237022706500646e-01
3.636194662918748599e-01 6.638171065979192598e-01 9.156160699775516276e-01
3.621628491232813385e-01 6.626045821231177912e-01 9.148074957637863935e-01
3.606990763702247471e-01 6.613891825462151486e-01 9.139979766416341800e-01
3.592280518101459430e-01 6.601708892873954238e-01 9.131875096078815313e-01
3.577496770912449997e-01 6.589496835701390554e-01 9.123760916437101409e-01
3.562638516665604937e-01 6.577255464183210387e-01 9.115637197145837201e-01
3.547704727254201162e-01 6.564984586532552902e-01 9.107503907701349766e-01
3.532694351221162266e-01 6.552684008906838331e-01 9.099361017440498189e-01
3.517606313016993780e-01 6.540353535377070315e-01 9.091208495539526702e-01
3.502439512227123464e-01 6.527992967896555365e-01 9.083046311012882290e-01
3.487192822767382627e-01 6.515602106269023919e-01 9.074874432712048966e-01
3.471865092045809398e-01 6.503180748116125232e-01 9.066692829324339842e-01
3.456455140089159661e-01 6.490728688844298322e-01 9.058501469371711412e-01
3.440961758632206657e-01 6.478245721611004537e-01 9.050300321209537868e-01
3.425383710168074525e-01 6.465731637290270672e-01 9.042089353025387632e-01
3.409719726957191610e-01 6.453186224437595930e-01 9.033868532837792120e-01
3.393968509993107729e-01 6.440609269254122804e-01 9.025637828494992299e-01
3.378128727922413144e-01 6.428000555550127393e-01 9.017397207673679693e-01
3.362199015916660372e-01 6.415359864707769200e-01 9.009146637877724073e-01
3.346177974493309559e-01 6.402686975643100409e-01 9.000886086436884481e-01
3.330064168283145554e-01 6.389981664767306890e-01 8.992615520505529147e-01
3.313856124740974241e-01 6.377243705947168717e-01 8.984334907061303221e-01
3.297552332796541696e-01 6.364472870464722432e-01 8.976044212903825370e-01
3.281151241442112343e-01 6.351668926976091756e-01 8.967743404653341077e-01
3.264651258253225552e-01 6.338831641469482303e-01 8.959432448749385935e-01
3.248050747838550079e-01 6.325960777222334741e-01 8.951111311449422292e-01
3.231348030214781786e-01 6.313056094757536485e-01 8.942779958827462572e-01
3.214541379102092145e-01 6.300117351798785181e-01 8.934438356772684831e-01
3.197629020135344668e-01 6.287144303224989628e-01 8.926086470988034982e-01
3.180609128985863454e-01 6.274136701023728113e-01 8.917724266988814597e-01
3.163479829388482489e-01 6.261094294243726432e-01 8.909351710101250932e-01
3.146239191067660701e-01 6.248016828946315604e-01 8.900968765461050314e-01
3.128885227556612580e-01 6.234904048155892609e-01 8.892575398011955956e-01
3.111415893902408358e-01 6.221755691809303102e-01 8.884171572504268033e-01
3.093829084249967720e-01 6.208571496704131665e-01 8.875757253493368193e-01
3.076122629296670907e-01 6.195351196445909592e-01 8.867332405338211876e-01
3.058294293609539194e-01 6.182094521394148057e-01 8.858896992199823961e-01
3.040341772795393527e-01 6.168801198607224423e-01 8.850450978039765548e-01
3.022262690514361805e-01 6.155470951786052858e-01 8.841994326618588529e-01
3.004054595325865162e-01 6.142103501216522599e-01 8.833527001494284603e-01
2.985714957355627419e-01 6.128698563710659464e-01 8.825048966020707653e-01
2.967241164770989537e-01 6.115255852546513937e-01 8.816560183345987234e-01
2.948630520051194748e-01 6.101775077406670356e-01 8.808060616410909871e-01
2.929880236037677999e-01 6.088255944315408286e-01 8.799550227947314784e-01
2.910987431748481846e-01 6.074698155574453917e-01 8.791028980476448540e-01
2.891949127939421049e-01 6.061101409697260411e-01 8.782496836307309707e-01
2.872762242392953858e-01 6.047465401341820534e-01 8.773953757534976861e-01
2.853423584914276945e-01 6.033789821241928308e-01 8.765399706038925487e-01
2.833929852012154749e-01 6.020074356136873028e-01 8.756834643481323788e-01
2.814277621239812399e-01 6.006318688699524566e-01 8.748258531305300734e-01
2.794463345169236335e-01 5.992522497462741127e-01 8.739671330733220778e-01
2.774483344969428389e-01 5.978685456744049498e-01 8.731073002764909718e-01
2.754333803556454630e-01 5.964807236568608895e-01 8.722463508175898328e-01
2.734010758280005504e-01 5.950887502590327394e-01 8.713842807515613798e-01
2.713510093107740495e-01 5.936925916011114301e-01 8.705210861105568965e-01
2.692827530264647606e-01 5.922922133498245145e-01 8.696567629037551539e-01
2.671958621280466906e-01 5.908875807099716049e-01 8.687913071171742274e-01
2.650898737393437843e-01 5.894786584157600817e-01 8.679247147134871998e-01
2.629643059252854687e-01 5.880654107219298599e-01 8.670569816318327572e-01
2.608186565857228967e-01 5.866478013946621051e-01 8.661881037876238976e-01
2.586524022657639144e-01 5.852257937022700141e-01 8.653180770723557513e-01
2.564649968748343722e-01 5.837993504056568916e-01 8.644468973534108480e-01
2.542558703057810621e-01 5.823684337485420803e-01 8.635745604738619408e-01
2.520244269443552287e-01 5.809330054474441951e-01 8.627010622522741645e-01
2.497700440582887871e-01 5.794930266814131148e-01 8.618263984825024204e-01
2.474920700538917329e-01 5.780484580815090645e-01 8.609505649334908695e-01
2.451898225866729342e-01 5.765992597200110259e-01 8.600735573490652097e-01
2.428625865107977844e-01 5.751453910993563623e-01 8.591953714477269521e-01
2.405096116503401826e-01 5.736868111407965598e-01 8.583160029224436993e-01
2.381301103730678048e-01 5.722234781727640884e-01 8.574354474404372040e-01
2.357232549450602455e-01 5.707553499189385038e-01 8.565537006429692068e-01
2.332881746415288449e-01 5.692823834860033516e-01 8.556707581451254985e-01
2.308239525859141494e-01 5.678045353510862148e-01 8.547866155355978712e-01
2.283296222854928059e-01 5.663217613488661373e-01 8.539012683764619638e-01
2.258041638272004215e-01 5.648340166583462052e-01 8.530147122029546614e-01
2.232464996922168265e-01 5.633412557892721884e-01 8.521269425232489425e-01
2.206554901417098202e-01 5.618434325681898045e-01 8.512379548182250621e-01
2.180299281189922445e-01 5.603405001241293926e-01 8.503477445412401803e-01
2.153685336048987153e-01 5.588324108739046725e-01 8.494563071178953262e-01
2.126699473532316365e-01 5.573191165070116027e-01 8.485636379457999201e-01
2.099327239212832596e-01 5.558005679701155666e-01 8.476697323943332973e-01
2.071553238963761423e-01 5.542767154511136773e-01 8.467745858044044560e-01
2.043361052025064462e-01 5.527475083627567676e-01 8.458781934882081410e-01
2.014733133509646890e-01 5.512128953258159658e-01 8.449805507289788187e-01
1.985650704743850969e-01 5.496728241517790936e-01 8.440816527807432079e-01
1.956093629541057477e-01 5.481272418250606737e-01 8.431814948680662614e-01
1.926040274146721964e-01 5.465760944847081193e-01 8.422800721857992556e-01
1.895467348151577969e-01 5.450193274055884496e-01 8.413773798988215535e-01
1.864349723125980907e-01 5.434568849790341050e-01 8.404734131417803678e-01
1.832660225054405789e-01 5.418887106929335395e-01 8.395681670188298584e-01
1.800369395808897044e-01 5.403147471112410560e-01 8.386616366033623482e-01
1.767445217845598215e-01 5.387349358528913390e-01 8.377538169377419797e-01
1.733852794975260792e-01 5.371492175700931515e-01 8.368447030330325997e-01
1.699553980360850314e-01 5.355575319259811007e-01 8.359342898687217582e-01
1.664506940714890748e-01 5.339598175716036010e-01 8.350225723924441512e-01
1.628665642846962303e-01 5.323560121222191688e-01 8.341095455197000685e-01
1.591979245021854505e-01 5.307460521328805081e-01 8.331952041335711767e-01
1.554391370720260290e-01 5.291298730732763023e-01 8.322795430844327491e-01
1.515839235898290283e-01 5.275074093018035093e-01 8.313625571896641198e-01
1.476252592078058645e-01 5.258785940388450708e-01 8.304442412333532531e-01
1.435552435627378554e-01 5.242433593392150648e-01 8.295245899660006472e-01
1.393649417003625657e-01 5.226016360637513181e-01 8.286035981042174647e-01
1.350441860430575958e-01 5.209533538500096261e-01 8.276812603304218863e-01
1.305813271183509372e-01 5.192984410820370433e-01 8.267575712925316900e-01
1.259629159245416186e-01 5.176368248591803889e-01 8.258325256036523898e-01
1.211732936290582374e-01 5.159684309638947752e-01 8.249061178417625984e-01
1.161940534082130938e-01 5.142931838285146329e-01 8.239783425493953928e-01
1.110033223185188100e-01 5.126110065009442662e-01 8.230491942333165722e-01
1.055747840566995388e-01 5.109218206092241976e-01 8.221186673641974751e-01
9.987631888150699799e-02 5.092255463249312220e-01 8.211867563762870192e-01
9.386806071600029000e-02 5.075221023253602137e-01 8.202534556670760812e-01
8.749953539382410161e-02 5.058114057544433884e-01 8.193187595969615433e-01
8.070528886187097739e-02 5.040933721823507296e-01 8.183826624889035672e-01
7.339790624768716132e-02 5.023679155637197358e-01 8.174451586280807591e-01
6.545623522486268553e-02 5.006349481944574187e-01 8.165062422615397830e-01
5.670407577047893027e-02 4.988943806670511072e-01 8.155659075978426431e-01
4.686785726557194526e-02 4.971461218243304336e-01 8.146241488067074155e-01
3.557892593405871662e-02 4.953900787116096160e-01 8.136809600186465374e-01
2.387040991410691385e-02 4.936261565271437557e-01 8.127363353246001010e-01
1.216189389415726560e-02 4.918542585708253756e-01 8.117902687755649271e-01
4.533778742047478503e-04 4.900742861910414860e-01 8.108427543822190886e-01
0.000000000000000000e+00 4.882861387296157374e-01 8.098937861145412143e-01
0.000000000000000000e+00 4.864897134647468424e-01 8.089433579014267961e-01
0.000000000000000000e+00 4.846849055518534510e-01 8.079914636302978348e-01
0.000000000000000000e+00 4.828716079622359936e-01 8.070380971467107090e-01
0.000000000000000000e+00 4.810497114194492441e-01 8.060832522539548295e-01
0.000000000000000000e+00 4.792191043332866829e-01 8.051269227126510719e-01
0.000000000000000000e+00 4.773796727312641930e-01 8.041691022403415490e-01
0.000000000000000000e+00 4.755313001874869605e-01 8.032097845110773848e-01
0.000000000000000000e+00 4.736738677487767890e-01 8.022489631549989397e-01
0.000000000000000000e+00 4.718072538579288211e-01 8.012866317579121489e-01
0.000000000000000000e+00 4.699313342739646626e-01 8.003227838608596434e-01
0.000000000000000000e+00 4.680459819892330287e-01 7.993574129596858757e-01
0.000000000000000000e+00 4.661510671432056996e-01 7.983905125045975826e-01
0.000000000000000000e+00 4.642464569328118018e-01 7.974220758997179193e-01
0.000000000000000000e+00 4.623320155191300018e-01 7.964520965026357091e-01
0.000000000000000000e+00 4.604076039302665291e-01 7.954805676239491419e-01
0.000000000000000000e+00 4.584730799602211859e-01 7.945074825268029217e-01
0.000000000000000000e+00 4.565282980635412824e-01 7.935328344264201972e-01
0.000000000000000000e+00 4.545731092455440048e-01 7.925566164896284960e-01
0.000000000000000000e+00 4.526073609478809545e-01 7.915788218343794425e-01
0.000000000000000000e+00 4.506308969292030508e-01 7.905994435292629241e-01
0.000000000000000000e+00 4.486435571406626743e-01 7.896184745930133753e-01
0.000000000000000000e+00 4.466451775959844883e-01 7.886359079940126193e-01
0.000000000000000000e+00 4.446355902358076206e-01 7.876517366497839401e-01
